FINAL REPORT
************
Train error (Mean +- SD): 0.285375 +- 2.5513e-05
Test error (Mean +- SD): 0.304099 +- 0.000286355
Train CCR (Mean +- SD): 0.658642 +- 0.0161698
Test CCR (Mean +- SD): 0.651724 +- 0.012176
CONVERGENCE DATA
****************


Iterations: 
1,
2,
3,
4,
5,
6,
7,
8,
9,
10,
11,
12,
13,
14,
15,
16,
17,
18,
19,
20,
21,
22,
23,
24,
25,
26,
27,
28,
29,
30,
31,
32,
33,
34,
35,
36,
37,
38,
39,
40,
41,
42,
43,
44,
45,
46,
47,
48,
49,
50,
51,
52,
53,
54,
55,
56,
57,
58,
59,
60,
61,
62,
63,
64,
65,
66,
67,
68,
69,
70,
71,
72,
73,
74,
75,
76,
77,
78,
79,
80,
81,
82,
83,
84,
85,
86,
87,
88,
89,
90,
91,
92,
93,
94,
95,
96,
97,
98,
99,
100,
101,
102,
103,
104,
105,
106,
107,
108,
109,
110,
111,
112,
113,
114,
115,
116,
117,
118,
119,
120,
121,
122,
123,
124,
125,
126,
127,
128,
129,
130,
131,
132,
133,
134,
135,
136,
137,
138,
139,
140,
141,
142,
143,
144,
145,
146,
147,
148,
149,
150,
151,
152,
153,
154,
155,
156,
157,
158,
159,
160,
161,
162,
163,
164,
165,
166,
167,
168,
169,
170,
171,
172,
173,
174,
175,
176,
177,
178,
179,
180,
181,
182,
183,
184,
185,
186,
187,
188,
189,
190,
191,
192,
193,
194,
195,
196,
197,
198,
199,
200,
201,
202,
203,
204,
205,
206,
207,
208,
209,
210,
211,
212,
213,
214,
215,
216,
217,
218,
219,
220,
221,
222,
223,
224,
225,
226,
227,
228,
229,
230,
231,
232,
233,
234,
235,
236,
237,
238,
239,
240,
241,
242,
243,
244,
245,
246,
247,
248,
249,
250,
251,
252,
253,
254,
255,
256,
257,
258,
259,
260,
261,
262,
263,
264,
265,
266,
267,
268,
269,
270,
271,
272,
273,
274,
275,
276,
277,
278,
279,
280,
281,
282,
283,
284,
285,
286,
287,
288,
289,
290,
291,
292,
293,
294,
295,
296,
297,
298,
299,
300,
301,
302,
303,
304,
305,
306,
307,
308,
309,
310,
311,
312,
313,
314,
315,
316,
317,
318,
319,
320,
321,
322,
323,
324,
325,
326,
327,
328,
329,
330,
331,
332,
333,
334,
335,
336,
337,
338,
339,
340,
341,
342,
343,
344,
345,
346,
347,
348,
349,
350,
351,
352,
353,
354,
355,
356,
357,
358,
359,
360,
361,
362,
363,
364,
365,
366,
367,
368,
369,
370,
371,
372,
373,
374,
375,
376,
377,
378,
379,
380,
381,
382,
383,
384,
385,
386,
387,
388,
389,
390,
391,
392,
393,
394,
395,
396,
397,
398,
399,
400,
401,
402,
403,
404,
405,
406,
407,
408,
409,
410,
411,
412,
413,
414,
415,
416,
417,
418,
419,
420,
421,
422,
423,
424,
425,
426,
427,
428,
429,
430,
431,
432,
433,
434,
435,
436,
437,
438,
439,
440,
441,
442,
443,
444,
445,
446,
447,
448,
449,
450,
451,
452,
453,
454,
455,
456,
457,
458,
459,
460,
461,
462,
463,
464,
465,
466,
467,
468,
469,
470,
471,
472,
473,
474,
475,
476,
477,
478,
479,
480,
481,
482,
483,
484,
485,
486,
487,
488,
489,
490,
491,
492,
493,
494,
495,
496,
497,
498,
499,
500,
501,
502,
503,
504,
505,
506,
507,
508,
509,
510,
511,
512,
513,
514,
515,
516,
517,
518,
519,
520,
521,
522,
523,
524,
525,
526,
527,
528,
529,
530,
531,
532,
533,
534,
535,
536,
537,
538,
539,
540,
541,
542,
543,
544,
545,
546,
547,
548,
549,
550,
551,
552,
553,
554,
555,
556,
557,
558,
559,
560,
561,
562,
563,
564,
565,
566,
567,
568,
569,
570,
571,
572,
573,
574,
575,
576,
577,
578,
579,
580,
581,
582,
583,
584,
585,
586,
587,
588,
589,
590,
591,
592,
593,
594,
595,
596,
597,
598,
599,
600,
601,
602,
603,
604,
605,
606,
607,
608,
609,
610,
611,
612,
613,
614,
615,
616,
617,
618,
619,
620,
621,
622,
623,
624,
625,
626,
627,
628,
629,
630,
631,
632,
633,
634,
635,
636,
637,
638,
639,
640,
641,
642,
643,
644,
645,
646,
647,
648,
649,
650,
651,
652,
653,
654,
655,
656,
657,
658,
659,
660,
661,
662,
663,
664,
665,
666,
667,
668,
669,
670,
671,
672,
673,
674,
675,
676,
677,
678,
679,
680,
681,
682,
683,
684,
685,
686,
687,
688,
689,
690,
691,
692,
693,
694,
695,
696,
697,
698,
699,
700,
701,
702,
703,
704,
705,
706,
707,
708,
709,
710,
711,
712,
713,
714,
715,
716,
717,
718,
719,
720,
721,
722,
723,
724,
725,
726,
727,
728,
729,
730,
731,
732,
733,
734,
735,
736,
737,
738,
739,
740,
741,
742,
743,
744,
745,
746,
747,
748,
749,
750,
751,
752,
753,
754,
755,
756,
757,
758,
759,
760,
761,
762,
763,
764,
765,
766,
767,
768,
769,
770,
771,
772,
773,
774,
775,
776,
777,
778,
779,
780,
781,
782,
783,
784,
785,
786,
787,
788,
789,
790,
791,
792,
793,
794,
795,
796,
797,
798,
799,
800,
801,
802,
803,
804,
805,
806,
807,
808,
809,
810,
811,
812,
813,
814,
815,
816,
817,
818,
819,
820,
821,
822,
823,
824,
825,
826,
827,
828,
829,
830,
831,
832,
833,
834,
835,
836,
837,
838,
839,
840,
841,
842,
843,
844,
845,
846,
847,
848,
849,
850,
851,
852,
853,
854,
855,
856,
857,
858,
859,
860,
861,
862,
863,
864,
865,
866,
867,
868,
869,
870,
871,
872,
873,
874,
875,
876,
877,
878,
879,
880,
881,
882,
883,
884,
885,
886,
887,
888,
889,
890,
891,
892,
893,
894,
895,
896,
897,
898,
899,
900,
901,
902,
903,
904,
905,
906,
907,
908,
909,
910,
911,
912,
913,
914,
915,
916,
917,
918,
919,
920,
921,
922,
923,
924,
925,
926,
927,
928,
929,
930,
931,
932,
933,
934,
935,
936,
937,
938,
939,
940,
941,
942,
943,
944,
945,
946,
947,
948,
949,
950,
951,
952,
953,
954,
955,
956,
957,
958,
959,
960,
961,
962,
963,
964,
965,
966,
967,
968,
969,
970,
971,
972,
973,
974,
975,
976,
977,
978,
979,
980,
981,
982,
983,
984,
985,
986,
987,
988,
989,
990,
991,
992,
993,
994,
995,
996,
997,
998,
999,
1000,


Train errors: 
0.54338,
0.407097,
1.77142,
0.479128,
1.49818,
0.381847,
1.65059,
0.443792,
1.43237,
0.441381,
1.45994,
0.382066,
1.33544,
0.405474,
1.4564,
0.378327,
1.30732,
0.398499,
1.4646,
0.409535,
1.31581,
0.391209,
1.44277,
0.416481,
1.33456,
0.387507,
1.40456,
0.41138,
1.32896,
0.458838,
1.15614,
0.352096,
1.1759,
0.35316,
1.46182,
0.411844,
1.30608,
0.369794,
1.43301,
0.407984,
1.2984,
0.374955,
1.43771,
0.402951,
1.29404,
0.383899,
1.38031,
0.365414,
1.24765,
0.384485,
1.37614,
0.362569,
1.24485,
0.385698,
1.37438,
0.360267,
1.24315,
0.387039,
1.37073,
0.358005,
1.24136,
0.389141,
1.36628,
0.350398,
1.23581,
0.393102,
1.36786,
0.34674,
1.2353,
0.401131,
1.3621,
0.341258,
1.23554,
0.410719,
1.35458,
0.335407,
1.23629,
0.422088,
1.34317,
0.328746,
1.23681,
0.435848,
1.33335,
0.322902,
1.23243,
0.44379,
1.32349,
0.309968,
1.23695,
0.464625,
1.29557,
0.308257,
1.23768,
0.465219,
1.29685,
0.308767,
1.23799,
0.46557,
1.29524,
0.307827,
1.2374,
0.468721,
1.28861,
0.306388,
1.23605,
0.471283,
1.28359,
0.305818,
1.23467,
0.473104,
1.2805,
0.305466,
1.25384,
0.471761,
1.28369,
0.305112,
1.23611,
0.473203,
1.28475,
0.305765,
1.23682,
0.47455,
1.27998,
0.30439,
1.23499,
0.477274,
1.27614,
0.303274,
1.23538,
0.482482,
1.2622,
0.300294,
1.23161,
0.493737,
1.24064,
0.299427,
1.23203,
0.49817,
1.24187,
0.296088,
1.23181,
0.507649,
1.21704,
0.297416,
1.2247,
0.504197,
1.23188,
0.293702,
1.22584,
0.514938,
1.20635,
0.296215,
1.22071,
0.494379,
1.24784,
0.30492,
1.22956,
0.468642,
1.28665,
0.306416,
1.23518,
0.468382,
1.28597,
0.305435,
1.23462,
0.47109,
1.27783,
0.299913,
1.23211,
0.489814,
1.24942,
0.298598,
1.22829,
0.492037,
1.24565,
0.298257,
1.22765,
0.492971,
1.2439,
0.297968,
1.22734,
0.494002,
1.24201,
0.297683,
1.227,
0.494999,
1.24005,
0.297306,
1.22663,
0.49632,
1.23398,
0.293776,
1.22735,
0.512514,
1.21786,
0.304833,
1.22366,
0.464105,
1.99872,
0.428249,
1.23354,
0.382078,
1.18537,
0.353201,
0.974197,
0.361827,
0.948302,
0.347122,
0.98505,
0.369272,
0.920494,
0.348487,
0.960579,
0.347763,
0.91203,
0.359806,
0.945541,
0.331563,
0.920042,
0.372554,
0.9679,
0.333058,
0.929317,
0.365148,
0.96403,
0.335515,
0.909661,
0.353006,
0.912761,
0.346362,
0.748195,
0.312065,
0.812684,
0.344896,
0.718149,
0.301884,
0.783271,
0.346604,
0.71094,
0.301408,
0.78508,
0.359586,
0.703877,
0.300383,
0.775674,
0.360777,
0.699459,
0.293995,
0.775602,
0.368645,
0.693296,
0.29161,
0.778002,
0.375616,
0.68641,
0.29017,
0.77447,
0.383752,
0.679294,
0.288973,
0.77393,
0.391487,
0.669688,
0.288098,
0.773485,
0.396719,
0.668705,
0.287667,
0.774883,
0.402565,
0.660214,
0.287323,
0.773788,
0.407964,
0.656332,
0.28658,
0.7722,
0.413202,
0.646902,
0.28642,
0.76794,
0.415875,
0.643475,
0.286405,
0.766885,
0.418219,
0.640519,
0.286371,
0.766763,
0.420189,
0.639466,
0.286731,
0.766514,
0.417268,
0.63985,
0.287645,
0.764371,
0.423017,
0.631455,
0.286619,
0.762285,
0.427606,
0.629421,
0.28681,
0.766419,
0.429814,
0.630196,
0.286514,
0.764016,
0.434845,
0.618508,
0.28659,
0.759151,
0.437971,
0.614307,
0.286749,
0.758073,
0.440401,
0.612715,
0.287178,
0.757846,
0.441052,
0.612267,
0.287366,
0.757718,
0.44148,
0.612036,
0.287447,
0.757517,
0.441763,
0.611572,
0.287631,
0.757457,
0.443152,
0.610016,
0.28817,
0.757631,
0.4426,
1.97824,
0.466219,
1.16448,
0.377802,
0.923067,
0.345319,
0.945703,
0.373,
0.845034,
0.328265,
0.901232,
0.368047,
0.837136,
0.33385,
0.897002,
0.369114,
0.822629,
0.327294,
0.877017,
0.359046,
0.819513,
0.327444,
0.875744,
0.354708,
0.813744,
0.331888,
0.862818,
0.35011,
0.818187,
0.328375,
0.868435,
0.344556,
0.840909,
0.341682,
0.892789,
0.344323,
0.833948,
0.339745,
0.889862,
0.347741,
0.825269,
0.337891,
0.880352,
0.346886,
0.827283,
0.337562,
0.87822,
0.35359,
0.837129,
0.343727,
0.857092,
0.345533,
0.787231,
0.32452,
0.812159,
0.344054,
0.706456,
0.307796,
0.741818,
0.36586,
0.554936,
0.28661,
0.638754,
0.372301,
0.536841,
0.286082,
0.6297,
0.378501,
0.52984,
0.286498,
0.627414,
0.384286,
0.524,
0.287101,
0.625644,
0.389704,
0.518532,
0.287854,
0.623911,
0.394755,
0.51341,
0.288728,
0.622204,
0.399452,
0.508637,
0.289656,
0.620458,
0.403695,
0.503392,
0.29024,
0.618021,
0.407258,
0.498141,
0.291378,
0.616025,
0.411922,
0.493147,
0.292636,
0.613986,
0.416242,
0.488225,
0.29387,
0.611945,
0.420294,
0.484013,
0.295267,
0.610101,
0.424229,
0.479892,
0.296746,
0.608209,
0.42795,
0.47609,
0.29827,
0.606416,
0.431534,
0.507145,
0.929662,
0.299915,
0.702434,
0.459446,
0.832378,
0.294954,
0.689213,
0.387936,
0.78598,
0.293837,
0.687868,
0.372185,
0.744424,
0.289212,
0.64419,
0.406915,
0.745963,
0.282156,
0.615249,
0.429069,
0.746505,
0.295034,
0.547325,
0.461332,
0.709076,
0.298704,
0.519337,
0.525202,
0.740223,
0.286561,
0.531057,
0.494528,
0.730629,
0.287811,
0.535189,
0.492196,
0.726997,
0.300201,
0.519124,
0.514172,
0.725747,
0.296402,
0.52305,
0.513658,
0.731076,
0.296087,
0.525153,
0.510559,
0.731097,
0.2957,
0.530445,
0.50151,
0.729446,
0.294585,
0.535483,
0.495259,
0.727406,
0.293215,
0.5356,
0.493421,
0.727816,
0.292669,
0.536709,
0.490822,
0.726201,
0.292914,
0.535119,
0.491775,
0.401339,
0.335424,
0.305318,
0.335273,
0.347437,
0.297365,
0.319392,
0.288224,
0.312991,
0.2841,
0.29281,
0.285958,
0.28616,
0.283989,
0.281925,
0.284145,
0.283761,
0.282942,
0.287227,
0.290836,
0.282091,
0.285068,
0.28167,
0.282577,
0.280378,
0.281583,
0.279969,
0.280701,
0.280316,
0.280843,
0.278565,
0.280573,
0.278667,
0.280785,
0.280895,
0.280923,
0.279705,
0.279633,
0.279851,
0.279712,
0.280253,
0.27995,
0.279364,
0.280209,
0.27885,
0.279567,
0.279922,
0.281291,
0.281537,
0.282603,
0.282593,
0.281902,
0.283588,
0.283147,
0.282836,
0.280613,
0.280745,
0.280892,
0.279915,
0.279689,
0.27992,
0.281657,
0.282014,
0.281401,
0.280715,
0.280056,
0.28017,
0.280944,
0.280794,
0.280759,
0.278967,
0.279114,
0.281673,
0.279498,
0.283097,
0.283056,
0.279902,
0.281127,
0.286231,
0.28256,
0.28188,
0,
0,
0,
0,
0,
0,
0,
0,
0,
0,
0,
0,
0,
0,
0,
0,
0,
0,
0,
0,
0,
0,
0,
0,
0,
0,
0,
0,
0,
0,
0,
0,
0,
0,
0,
0,
0,
0,
0,
0,
0,
0,
0,
0,
0,
0,
0,
0,
0,
0,
0,
0,
0,
0,
0,
0,
0,
0,
0,
0,
0,
0,
0,
0,
0,
0,
0,
0,
0,
0,
0,
0,
0,
0,
0,
0,
0,
0,
0,
0,
0,
0,
0,
0,
0,
0,
0,
0,
0,
0,
0,
0,
0,
0,
0,
0,
0,
0,
0,
0,
0,
0,
0,
0,
0,
0,
0,
0,
0,
0,
0,
0,
0,
0,
0,
0,
0,
0,
0,
0,
0,
0,
0,
0,
0,
0,
0,
0,
0,
0,
0,
0,
0,
0,
0,
0,
0,
0,
0,
0,
0,
0,
0,
0,
0,
0,
0,
0,
0,
0,
0,
0,
0,
0,
0,
0,
0,
0,
0,
0,
0,
0,
0,
0,
0,
0,
0,
0,
0,
0,
0,
0,
0,
0,
0,
0,
0,
0,
0,
0,
0,
0,
0,
0,
0,
0,
0,
0,
0,
0,
0,
0,
0,
0,
0,
0,
0,
0,
0,
0,
0,
0,
0,
0,
0,
0,
0,
0,
0,
0,
0,
0,
0,
0,
0,
0,
0,
0,
0,
0,
0,
0,
0,
0,
0,
0,
0,
0,
0,
0,
0,
0,
0,
0,
0,
0,
0,
0,
0,
0,
0,
0,
0,
0,
0,
0,
0,
0,
0,
0,
0,
0,
0,
0,
0,
0,
0,
0,
0,
0,
0,
0,
0,
0,
0,
0,
0,
0,
0,
0,
0,
0,
0,
0,
0,
0,
0,
0,
0,
0,
0,
0,
0,
0,
0,
0,
0,
0,
0,
0,
0,
0,
0,
0,
0,
0,
0,
0,
0,
0,
0,
0,
0,
0,
0,
0,
0,
0,
0,
0,
0,
0,
0,
0,
0,
0,
0,
0,
0,
0,
0,
0,
0,
0,
0,
0,
0,
0,
0,
0,
0,
0,
0,
0,
0,
0,
0,
0,
0,
0,
0,
0,
0,
0,
0,
0,
0,
0,
0,
0,
0,
0,
0,
0,
0,
0,
0,
0,
0,
0,
0,
0,
0,
0,
0,
0,
0,
0,
0,
0,
0,
0,
0,
0,
0,
0,
0,
0,
0,
0,
0,
0,
0,
0,
0,
0,
0,
0,
0,
0,
0,
0,
0,
0,
0,
0,


Test errors: 
0.595433,
0.441301,
1.77929,
0.507281,
1.58183,
0.409389,
1.59755,
0.470899,
1.50324,
0.451761,
1.38095,
0.387384,
1.40014,
0.423114,
1.39801,
0.39525,
1.38626,
0.417781,
1.41512,
0.422272,
1.38082,
0.392946,
1.36218,
0.413018,
1.40263,
0.388425,
1.31076,
0.424336,
1.41034,
0.48448,
1.12608,
0.36977,
1.24617,
0.359937,
1.36008,
0.418286,
1.36534,
0.377428,
1.35681,
0.416896,
1.37237,
0.378825,
1.35249,
0.408891,
1.36743,
0.387885,
1.29218,
0.367165,
1.31759,
0.388293,
1.28677,
0.363811,
1.3145,
0.389535,
1.28536,
0.361155,
1.31258,
0.390945,
1.28355,
0.357262,
1.30962,
0.393208,
1.27524,
0.348725,
1.30468,
0.397377,
1.27362,
0.345339,
1.3038,
0.406071,
1.26757,
0.338996,
1.30399,
0.416541,
1.26047,
0.332134,
1.30463,
0.428951,
1.24981,
0.324623,
1.30463,
0.444045,
1.24252,
0.318219,
1.30748,
0.463675,
1.26605,
0.315721,
1.31393,
0.487866,
1.24088,
0.315517,
1.31447,
0.4885,
1.24291,
0.31612,
1.3151,
0.488924,
1.24845,
0.315056,
1.31466,
0.49235,
1.2398,
0.313465,
1.31319,
0.495111,
1.23288,
0.311708,
1.31155,
0.497028,
1.23331,
0.311201,
1.3361,
0.495539,
1.23356,
0.311702,
1.3117,
0.497038,
1.23296,
0.312066,
1.31316,
0.498447,
1.22891,
0.310689,
1.3114,
0.50106,
1.22232,
0.309314,
1.31113,
0.505494,
1.21005,
0.304249,
1.30672,
0.518572,
1.18857,
0.301705,
1.30349,
0.51992,
1.1889,
0.300223,
1.30618,
0.533589,
1.169,
0.29873,
1.29794,
0.525911,
1.18218,
0.298293,
1.30361,
0.542986,
1.15747,
0.301911,
1.29688,
0.520818,
1.20176,
0.312354,
1.30758,
0.493034,
1.2401,
0.31409,
1.31357,
0.492739,
1.24017,
0.312906,
1.31294,
0.495635,
1.22885,
0.306353,
1.31024,
0.515828,
1.2009,
0.304757,
1.30614,
0.518204,
1.1972,
0.304332,
1.30544,
0.519197,
1.19548,
0.303966,
1.30509,
0.520291,
1.19357,
0.303601,
1.30471,
0.521347,
1.19057,
0.303106,
1.3043,
0.522765,
1.18676,
0.298774,
1.30346,
0.540191,
1.17012,
0.312046,
1.30109,
0.283894,
1.85047,
0.445535,
1.28884,
0.400051,
1.15346,
0.336877,
1.00523,
0.371275,
0.915392,
0.354708,
1.032,
0.375268,
0.864712,
0.346448,
1.01025,
0.355399,
0.831255,
0.360236,
0.994106,
0.338618,
0.867348,
0.388204,
1.02067,
0.343127,
0.872425,
0.380539,
1.02004,
0.348124,
0.857724,
0.36032,
0.950185,
0.350354,
0.698197,
0.313023,
0.841207,
0.352104,
0.670474,
0.304022,
0.822239,
0.356101,
0.660763,
0.298897,
0.818402,
0.360848,
0.635438,
0.288847,
0.809269,
0.37171,
0.650566,
0.294946,
0.817325,
0.380198,
0.644491,
0.291919,
0.818595,
0.387628,
0.63656,
0.289387,
0.815649,
0.396311,
0.629649,
0.287373,
0.815189,
0.404539,
0.619452,
0.283573,
0.811601,
0.409062,
0.617552,
0.283335,
0.813482,
0.414929,
0.606603,
0.280231,
0.809917,
0.420561,
0.604274,
0.282157,
0.811065,
0.427241,
0.594103,
0.281474,
0.80748,
0.429946,
0.590161,
0.280997,
0.806365,
0.43227,
0.586755,
0.280539,
0.805251,
0.434127,
0.584455,
0.280167,
0.804483,
0.429482,
0.577364,
0.276649,
0.802037,
0.436744,
0.574865,
0.277772,
0.799134,
0.440837,
0.572672,
0.276357,
0.800195,
0.442852,
0.570959,
0.278017,
0.801958,
0.448885,
0.560382,
0.277417,
0.796566,
0.452057,
0.555467,
0.27688,
0.79479,
0.454473,
0.55307,
0.27704,
0.794741,
0.454932,
0.551578,
0.276915,
0.794385,
0.455172,
0.550693,
0.276798,
0.793951,
0.455264,
0.550054,
0.276634,
0.793657,
0.456518,
0.547389,
0.275508,
0.791555,
0.280185,
1.8814,
0.465965,
1.1872,
0.39923,
0.868637,
0.359784,
1.00349,
0.390817,
0.837199,
0.340491,
0.949471,
0.373588,
0.809614,
0.33412,
0.947093,
0.371522,
0.781953,
0.325986,
0.92481,
0.363444,
0.782503,
0.326861,
0.924329,
0.357345,
0.780304,
0.319374,
0.910178,
0.3508,
0.779618,
0.328234,
0.918103,
0.356929,
0.80852,
0.355017,
0.947909,
0.357856,
0.797095,
0.350037,
0.940398,
0.351944,
0.782909,
0.336396,
0.925887,
0.349671,
0.777696,
0.340945,
0.931522,
0.366023,
0.768368,
0.351178,
0.91067,
0.356881,
0.724859,
0.335353,
0.862961,
0.357414,
0.647656,
0.316408,
0.786324,
0.381838,
0.528233,
0.288577,
0.676181,
0.38883,
0.508804,
0.286142,
0.666504,
0.39563,
0.501597,
0.285777,
0.664065,
0.401944,
0.495468,
0.285635,
0.662176,
0.407845,
0.489686,
0.285652,
0.660327,
0.413336,
0.484227,
0.285793,
0.658504,
0.418432,
0.4791,
0.286032,
0.656638,
0.423039,
0.474447,
0.286075,
0.65403,
0.426897,
0.468279,
0.286508,
0.651895,
0.431948,
0.462993,
0.287015,
0.649716,
0.436638,
0.458086,
0.287614,
0.647482,
0.441018,
0.453571,
0.288251,
0.645572,
0.445269,
0.449086,
0.288949,
0.643552,
0.449281,
0.444896,
0.289683,
0.641633,
0.286594,
0.549188,
0.987629,
0.30394,
0.667547,
0.46815,
0.878454,
0.291514,
0.644963,
0.399989,
0.827002,
0.289677,
0.634255,
0.377161,
0.78714,
0.287586,
0.606486,
0.423855,
0.786238,
0.28327,
0.588245,
0.456874,
0.799943,
0.313359,
0.542896,
0.480055,
0.748552,
0.301295,
0.51848,
0.558761,
0.783196,
0.287942,
0.506658,
0.522554,
0.77985,
0.291455,
0.515677,
0.514521,
0.774049,
0.296889,
0.497485,
0.530967,
0.760642,
0.27866,
0.479505,
0.530262,
0.767387,
0.282353,
0.489402,
0.527581,
0.767438,
0.280441,
0.490857,
0.522498,
0.76789,
0.280204,
0.495818,
0.516409,
0.767493,
0.281105,
0.501712,
0.515681,
0.768128,
0.280514,
0.498836,
0.512752,
0.76639,
0.280596,
0.497435,
0.316951,
0.420713,
0.310046,
0.317012,
0.341863,
0.362661,
0.311265,
0.340465,
0.308642,
0.330828,
0.302411,
0.308589,
0.294709,
0.300405,
0.291947,
0.291464,
0.295239,
0.298226,
0.295725,
0.309807,
0.295733,
0.310101,
0.282632,
0.27953,
0.278119,
0.278975,
0.28142,
0.278379,
0.278079,
0.278417,
0.278783,
0.277756,
0.282041,
0.276203,
0.279378,
0.280568,
0.28115,
0.278364,
0.27599,
0.27579,
0.276577,
0.277145,
0.276937,
0.276768,
0.276754,
0.278563,
0.27578,
0.275785,
0.28326,
0.282276,
0.281919,
0.279788,
0.2808,
0.283169,
0.280547,
0.285259,
0.28128,
0.280894,
0.279025,
0.277441,
0.277206,
0.276658,
0.287001,
0.286784,
0.277693,
0.27886,
0.279936,
0.276141,
0.272249,
0.274228,
0.275933,
0.273296,
0.274505,
0.281965,
0.271237,
0.28534,
0.284765,
0.272885,
0.276861,
0.288346,
0.285052,
0.277546,
1.23695,
0.464625,
1.29557,
0.308257,
1.23768,
0.465219,
1.29685,
0.308767,
1.23799,
0.46557,
1.29524,
0.307827,
1.2374,
0.468721,
1.28861,
0.306388,
1.23605,
0.471283,
1.28359,
0.305818,
1.23467,
0.473104,
1.2805,
0.305466,
1.25384,
0.471761,
1.28369,
0.305112,
1.23611,
0.473203,
1.28475,
0.305765,
1.23682,
0.47455,
1.27998,
0.30439,
1.23499,
0.477274,
1.27614,
0.303274,
1.23538,
0.482482,
1.2622,
0.300294,
1.23161,
0.493737,
1.24064,
0.299427,
1.23203,
0.49817,
1.24187,
0.296088,
1.23181,
0.507649,
1.21704,
0.297416,
1.2247,
0.504197,
1.23188,
0.293702,
1.22584,
0.514938,
1.20635,
0.296215,
1.22071,
0.494379,
1.24784,
0.30492,
1.22956,
0.468642,
1.28665,
0.306416,
1.23518,
0.468382,
1.28597,
0.305435,
1.23462,
0.47109,
1.27783,
0.299913,
1.23211,
0.489814,
1.24942,
0.298598,
1.22829,
0.492037,
1.24565,
0.298257,
1.22765,
0.492971,
1.2439,
0.297968,
1.22734,
0.494002,
1.24201,
0.297683,
1.227,
0.494999,
1.24005,
0.297306,
1.22663,
0.49632,
1.23398,
0.293776,
1.22735,
0.512514,
1.21786,
0.304833,
1.22366,
0.464105,
1.99872,
0.428249,
1.23354,
0.382078,
1.18537,
0.353201,
0.974197,
0.361827,
0.948302,
0.347122,
0.98505,
0.369272,
0.920494,
0.348487,
0.960579,
0.347763,
0.91203,
0.359806,
0.945541,
0.331563,
0.920042,
0.372554,
0.9679,
0.333058,
0.929317,
0.365148,
0.96403,
0.335515,
0.909661,
0.353006,
0.912761,
0.346362,
0.748195,
0.312065,
0.812684,
0.344896,
0.718149,
0.301884,
0.783271,
0.346604,
0.71094,
0.301408,
0.78508,
0.359586,
0.703877,
0.300383,
0.775674,
0.360777,
0.699459,
0.293995,
0.775602,
0.368645,
0.693296,
0.29161,
0.778002,
0.375616,
0.68641,
0.29017,
0.77447,
0.383752,
0.679294,
0.288973,
0.77393,
0.391487,
0.669688,
0.288098,
0.773485,
0.396719,
0.668705,
0.287667,
0.774883,
0.402565,
0.660214,
0.287323,
0.773788,
0.407964,
0.656332,
0.28658,
0.7722,
0.413202,
0.646902,
0.28642,
0.76794,
0.415875,
0.643475,
0.286405,
0.766885,
0.418219,
0.640519,
0.286371,
0.766763,
0.420189,
0.639466,
0.286731,
0.766514,
0.417268,
0.63985,
0.287645,
0.764371,
0.423017,
0.631455,
0.286619,
0.762285,
0.427606,
0.629421,
0.28681,
0.766419,
0.429814,
0.630196,
0.286514,
0.764016,
0.434845,
0.618508,
0.28659,
0.759151,
0.437971,
0.614307,
0.286749,
0.758073,
0.440401,
0.612715,
0.287178,
0.757846,
0.441052,
0.612267,
0.287366,
0.757718,
0.44148,
0.612036,
0.287447,
0.757517,
0.441763,
0.611572,
0.287631,
0.757457,
0.443152,
0.610016,
0.28817,
0.757631,
0.4426,
1.97824,
0.466219,
1.16448,
0.377802,
0.923067,
0.345319,
0.945703,
0.373,
0.845034,
0.328265,
0.901232,
0.368047,
0.837136,
0.33385,
0.897002,
0.369114,
0.822629,
0.327294,
0.877017,
0.359046,
0.819513,
0.327444,
0.875744,
0.354708,
0.813744,
0.331888,
0.862818,
0.35011,
0.818187,
0.328375,
0.868435,
0.344556,
0.840909,
0.341682,
0.892789,
0.344323,
0.833948,
0.339745,
0.889862,
0.347741,
0.825269,
0.337891,
0.880352,
0.346886,
0.827283,
0.337562,
0.87822,
0.35359,
0.837129,
0.343727,
0.857092,
0.345533,
0.787231,
0.32452,
0.812159,
0.344054,
0.706456,
0.307796,
0.741818,
0.36586,
0.554936,
0.28661,
0.638754,
0.372301,
0.536841,
0.286082,
0.6297,
0.378501,
0.52984,
0.286498,
0.627414,
0.384286,
0.524,
0.287101,
0.625644,
0.389704,
0.518532,
0.287854,
0.623911,
0.394755,
0.51341,
0.288728,
0.622204,
0.399452,
0.508637,
0.289656,
0.620458,
0.403695,
0.503392,
0.29024,
0.618021,
0.407258,
0.498141,
0.291378,
0.616025,
0.411922,
0.493147,
0.292636,
0.613986,
0.416242,
0.488225,
0.29387,
0.611945,
0.420294,
0.484013,
0.295267,
0.610101,
0.424229,
0.479892,
0.296746,
0.608209,
0.42795,
0.47609,
0.29827,
0.606416,
0.431534,
0.507145,
0.929662,
0.299915,
0.702434,
0.459446,
0.832378,
0.294954,
0.689213,
0.387936,
0.78598,
0.293837,
0.687868,
0.372185,
0.744424,
0.289212,
0.64419,
0.406915,
0.745963,
0.282156,
0.615249,
0.429069,
0.746505,
0.295034,
0.547325,
0.461332,
0.709076,
0.298704,
0.519337,
0.525202,
0.740223,
