FINAL REPORT
************
Train error (Mean +- SD): 0.197573 +- 6.60856e-06
Test error (Mean +- SD): 0.206299 +- 1.85086e-06
Train CCR (Mean +- SD): 0.722222 +- 0
Test CCR (Mean +- SD): 0.706897 +- 0
CONVERGENCE DATA
****************


Iterations: 
1,
2,
3,
4,
5,
6,
7,
8,
9,
10,
11,
12,
13,
14,
15,
16,
17,
18,
19,
20,
21,
22,
23,
24,
25,
26,
27,
28,
29,
30,
31,
32,
33,
34,
35,
36,
37,
38,
39,
40,
41,
42,
43,
44,
45,
46,
47,
48,
49,
50,


Train errors: 
0.200818,
0.2007,
0.200666,
0.200649,
0.20064,
0.200635,
0.200632,
0.200629,
0.200628,
0.200626,
0.200625,
0.200625,
0.200624,
0.200623,
0.200623,
0.200622,
0.200622,
0.200621,
0.200621,
0.200621,
0.20062,
0.20062,
0.20062,
0.20062,
0.200619,
0.200619,
0.200619,
0.200619,
0.200619,
0.200619,
0.200618,
0.200618,
0.200618,
0.200618,
0.200618,
0.200618,
0.200618,
0.200618,
0.200618,
0.200618,
0.200618,
0.200618,
0.200618,
0.200618,
0.200618,
0.200618,
0.200618,
0.200618,
0.200618,
0.200618,


Test errors: 
0.209789,
0.209471,
0.209359,
0.2093,
0.209268,
0.209249,
0.209239,
0.209233,
0.20923,
0.209228,
0.209226,
0.209226,
0.209225,
0.209225,
0.209224,
0.209224,
0.209224,
0.209223,
0.209223,
0.209222,
0.209222,
0.209221,
0.20922,
0.209219,
0.209218,
0.209217,
0.209216,
0.209215,
0.209214,
0.209213,
0.209212,
0.209211,
0.20921,
0.209209,
0.209208,
0.209207,
0.209206,
0.209205,
0.209204,
0.209203,
0.209203,
0.209202,
0.209202,
0.209202,
0.209201,
0.209201,
0.209201,
0.209201,
0.209201,
0.209201,
