FINAL REPORT
************
Train error (Mean +- SD): 0.256628 +- 8.59717e-06
Test error (Mean +- SD): 0.290236 +- 1.46436e-05
Train CCR (Mean +- SD): 0.729012 +- 7.01113e-05
Test CCR (Mean +- SD): 0.708046 +- 0.00026952
CONVERGENCE DATA
****************


Iterations: 
1,
2,
3,
4,
5,
6,
7,
8,
9,
10,
11,
12,
13,
14,
15,
16,
17,
18,
19,
20,
21,
22,
23,
24,
25,
26,
27,
28,
29,
30,
31,
32,
33,
34,
35,
36,
37,
38,
39,
40,
41,
42,
43,
44,
45,
46,
47,
48,
49,
50,
51,
52,
53,
54,
55,
56,
57,
58,
59,
60,
61,
62,
63,
64,
65,
66,
67,
68,
69,
70,
71,
72,
73,
74,
75,
76,
77,
78,
79,
80,
81,
82,
83,
84,
85,
86,
87,
88,
89,
90,
91,
92,
93,
94,
95,
96,
97,
98,
99,
100,


Train errors: 
0.293254,
0.292786,
0.292364,
0.291936,
0.29141,
0.290685,
0.289698,
0.288459,
0.287033,
0.285489,
0.283881,
0.282253,
0.280644,
0.279087,
0.277607,
0.276218,
0.274923,
0.273722,
0.27261,
0.271579,
0.270624,
0.269736,
0.26891,
0.268139,
0.267418,
0.266744,
0.266112,
0.26552,
0.264964,
0.264442,
0.263952,
0.263493,
0.263062,
0.262658,
0.262279,
0.261924,
0.26159,
0.261278,
0.260984,
0.260708,
0.260449,
0.260205,
0.259975,
0.259759,
0.259557,
0.259366,
0.259188,
0.259023,
0.25887,
0.25873,
0.258605,
0.258497,
0.258409,
0.258346,
0.258316,
0.258328,
0.258394,
0.258519,
0.258696,
0.258897,
0.259086,
0.259236,
0.259342,
0.259407,
0.259444,
0.259458,
0.259458,
0.259446,
0.259426,
0.2594,
0.25937,
0.259336,
0.259298,
0.259259,
0.259219,
0.259177,
0.259134,
0.259091,
0.259048,
0.259005,
0.258963,
0.258921,
0.258879,
0.258839,
0.2588,
0.258761,
0.258724,
0.258688,
0.258653,
0.258619,
0.258587,
0.258555,
0.258525,
0.258496,
0.258468,
0.258441,
0.258414,
0.258388,
0.258363,
0.258338,


Test errors: 
0.322614,
0.327914,
0.336328,
0.339179,
0.341308,
0.344297,
0.349912,
0.358921,
0.371541,
0.387217,
0.405794,
0.426774,
0.449644,
0.473959,
0.499308,
0.525313,
0.551617,
0.577868,
0.603715,
0.628793,
0.652839,
0.675545,
0.696667,
0.716049,
0.733558,
0.749125,
0.762734,
0.774416,
0.784238,
0.7923,
0.798721,
0.803639,
0.807197,
0.809536,
0.810792,
0.811092,
0.810546,
0.809253,
0.807295,
0.804743,
0.801654,
0.798076,
0.794052,
0.789617,
0.784805,
0.779649,
0.774188,
0.768462,
0.762523,
0.756434,
0.750276,
0.744156,
0.738212,
0.732627,
0.727635,
0.723527,
0.720628,
0.719222,
0.722618,
0.727209,
0.730402,
0.734159,
0.738179,
0.742276,
0.746353,
0.750349,
0.754219,
0.757922,
0.761426,
0.764703,
0.76773,
0.770491,
0.772975,
0.775177,
0.777129,
0.778774,
0.780137,
0.781236,
0.78208,
0.782685,
0.783066,
0.783238,
0.78322,
0.783028,
0.782683,
0.782203,
0.781606,
0.78091,
0.780134,
0.779294,
0.778407,
0.777487,
0.776548,
0.775602,
0.77466,
0.773731,
0.772822,
0.771939,
0.771087,
0.770268,
