FINAL REPORT
************
Train error (Mean +- SD): 0.215148 +- 0.000881298
Test error (Mean +- SD): 0.234208 +- 0.000440616
Train CCR (Mean +- SD): 0.899167 +- 0.00267407
Test CCR (Mean +- SD): 0.887333 +- 0.00199733
CONVERGENCE DATA
****************


Iterations: 
1,
2,
3,
4,
5,
6,
7,
8,
9,
10,
11,
12,
13,
14,
15,
16,
17,
18,
19,
20,
21,
22,
23,
24,
25,
26,
27,
28,
29,
30,
31,
32,
33,
34,
35,
36,
37,
38,
39,
40,
41,
42,
43,
44,
45,
46,
47,
48,
49,
50,
51,
52,
53,
54,
55,
56,
57,
58,
59,
60,
61,
62,
63,
64,
65,
66,
67,
68,
69,
70,
71,
72,
73,
74,
75,
76,
77,
78,
79,
80,
81,
82,
83,
84,
85,
86,
87,
88,
89,
90,
91,
92,
93,
94,
95,
96,
97,
98,
99,
100,
101,
102,
103,
104,
105,
106,
107,
108,
109,
110,
111,
112,
113,
114,
115,
116,
117,
118,
119,
120,
121,
122,
123,
124,
125,
126,
127,
128,
129,
130,
131,
132,
133,
134,
135,
136,
137,
138,
139,
140,
141,
142,
143,
144,
145,
146,
147,
148,
149,
150,
151,
152,
153,
154,
155,
156,
157,
158,
159,
160,
161,
162,
163,
164,
165,
166,
167,
168,
169,
170,
171,
172,
173,
174,
175,
176,
177,
178,
179,
180,
181,
182,
183,
184,
185,
186,
187,
188,
189,
190,
191,
192,
193,
194,
195,
196,
197,
198,
199,
200,
201,
202,
203,
204,
205,
206,
207,
208,
209,
210,
211,
212,
213,
214,
215,
216,
217,
218,
219,
220,
221,
222,
223,
224,
225,
226,
227,
228,
229,
230,
231,
232,
233,
234,
235,
236,
237,
238,
239,
240,
241,
242,
243,
244,
245,
246,
247,
248,
249,
250,
251,
252,
253,
254,
255,
256,
257,
258,
259,
260,
261,
262,
263,
264,
265,
266,
267,
268,
269,
270,
271,
272,
273,
274,
275,
276,
277,
278,
279,
280,
281,
282,
283,
284,
285,
286,
287,
288,
289,
290,
291,
292,
293,
294,
295,
296,
297,
298,
299,
300,
301,
302,
303,
304,
305,
306,
307,
308,
309,
310,
311,
312,
313,
314,
315,
316,
317,
318,
319,
320,
321,
322,
323,
324,
325,
326,
327,
328,
329,
330,
331,
332,
333,
334,
335,
336,
337,
338,
339,
340,
341,
342,
343,
344,
345,
346,
347,
348,
349,
350,
351,
352,
353,
354,
355,
356,
357,
358,
359,
360,
361,
362,
363,
364,
365,
366,
367,
368,
369,
370,
371,
372,
373,
374,
375,
376,
377,
378,
379,
380,
381,
382,
383,
384,
385,
386,
387,
388,
389,
390,
391,
392,
393,
394,
395,
396,
397,
398,
399,
400,
401,
402,
403,
404,
405,
406,
407,
408,
409,
410,
411,
412,
413,
414,
415,
416,
417,
418,
419,
420,
421,
422,
423,
424,
425,
426,
427,
428,
429,
430,
431,
432,
433,
434,
435,
436,
437,
438,
439,
440,
441,
442,
443,
444,
445,
446,
447,
448,
449,
450,
451,
452,
453,
454,
455,
456,
457,
458,
459,
460,
461,
462,
463,
464,
465,
466,
467,
468,
469,
470,
471,
472,
473,
474,
475,
476,
477,
478,
479,
480,
481,
482,
483,
484,
485,
486,
487,
488,
489,
490,
491,
492,
493,
494,
495,
496,
497,
498,
499,
500,


Train errors: 
0.393184,
0.337311,
0.314701,
0.304305,
0.301096,
0.299914,
0.299061,
0.298426,
0.297946,
0.297554,
0.297214,
0.296908,
0.296631,
0.296383,
0.296167,
0.295984,
0.295839,
0.295731,
0.29566,
0.295618,
0.295599,
0.295599,
0.295613,
0.29564,
0.295686,
0.295754,
0.295846,
0.295959,
0.296094,
0.296253,
0.296442,
0.296666,
0.296916,
0.297165,
0.297381,
0.29754,
0.297644,
0.297708,
0.297752,
0.297787,
0.297819,
0.297847,
0.297865,
0.29787,
0.297859,
0.297835,
0.297797,
0.297735,
0.297635,
0.297482,
0.297276,
0.297024,
0.29674,
0.296426,
0.296078,
0.295695,
0.295283,
0.294845,
0.294377,
0.293858,
0.293275,
0.29264,
0.291977,
0.291308,
0.290647,
0.290001,
0.289375,
0.288769,
0.288185,
0.287622,
0.287079,
0.286555,
0.286049,
0.285561,
0.285091,
0.284641,
0.28421,
0.2838,
0.283411,
0.283043,
0.282695,
0.282366,
0.282058,
0.281769,
0.281502,
0.281258,
0.281041,
0.280851,
0.280688,
0.280547,
0.280421,
0.280295,
0.280163,
0.280039,
0.279937,
0.279844,
0.279741,
0.279617,
0.279483,
0.27935,
0.279224,
0.27911,
0.279017,
0.278952,
0.278919,
0.278908,
0.278916,
0.278934,
0.278948,
0.278936,
0.278892,
0.278828,
0.278757,
0.278687,
0.278605,
0.278485,
0.278339,
0.278218,
0.278138,
0.278085,
0.278049,
0.278043,
0.278113,
0.278297,
0.278527,
0.278724,
0.278907,
0.279066,
0.279124,
0.279071,
0.278913,
0.278654,
0.278311,
0.27785,
0.277194,
0.276346,
0.275378,
0.274357,
0.27332,
0.272295,
0.271297,
0.270333,
0.269406,
0.268511,
0.267644,
0.266793,
0.265946,
0.265097,
0.26426,
0.263461,
0.262712,
0.262005,
0.261328,
0.26067,
0.260025,
0.259388,
0.25876,
0.258144,
0.257546,
0.256973,
0.256427,
0.255911,
0.255423,
0.254957,
0.254512,
0.254083,
0.253672,
0.253277,
0.252896,
0.252527,
0.252169,
0.251819,
0.251478,
0.251142,
0.250811,
0.250484,
0.250159,
0.249838,
0.24952,
0.249207,
0.2489,
0.248599,
0.248307,
0.248023,
0.247746,
0.247475,
0.24721,
0.246949,
0.246691,
0.246436,
0.246183,
0.245931,
0.24568,
0.245429,
0.245178,
0.244925,
0.24467,
0.244413,
0.244153,
0.243894,
0.243637,
0.243386,
0.24314,
0.242897,
0.242654,
0.242412,
0.242171,
0.241931,
0.241693,
0.241459,
0.241228,
0.241,
0.240776,
0.240556,
0.240341,
0.240128,
0.239918,
0.239708,
0.239496,
0.239284,
0.239071,
0.238857,
0.238641,
0.238422,
0.238199,
0.237969,
0.237735,
0.237498,
0.237259,
0.237019,
0.236777,
0.236534,
0.236294,
0.23606,
0.235831,
0.235605,
0.235386,
0.235173,
0.234964,
0.234757,
0.234551,
0.234346,
0.234144,
0.233945,
0.233751,
0.233562,
0.233378,
0.233198,
0.233021,
0.232846,
0.232671,
0.232496,
0.23232,
0.232141,
0.231961,
0.231778,
0.231596,
0.231416,
0.231241,
0.231073,
0.230911,
0.230758,
0.230616,
0.230487,
0.23037,
0.230265,
0.230172,
0.230092,
0.230026,
0.22997,
0.229916,
0.229854,
0.229772,
0.229669,
0.229552,
0.229428,
0.229301,
0.229174,
0.229046,
0.228918,
0.22879,
0.22866,
0.22853,
0.2284,
0.228268,
0.228136,
0.228003,
0.227869,
0.227733,
0.227598,
0.227462,
0.227329,
0.227198,
0.227071,
0.226945,
0.22682,
0.226694,
0.226565,
0.226431,
0.226292,
0.226151,
0.226015,
0.225888,
0.225772,
0.225663,
0.22556,
0.225464,
0.225374,
0.225292,
0.225218,
0.225153,
0.225098,
0.225055,
0.225024,
0.225005,
0.224999,
0.225006,
0.225022,
0.225046,
0.225073,
0.225103,
0.225134,
0.225168,
0.225207,
0.225251,
0.225302,
0.225359,
0.22542,
0.225485,
0.225553,
0.225622,
0.225686,
0.225743,
0.225793,
0.22584,
0.225894,
0.225966,
0.226063,
0.226183,
0.226312,
0.226442,
0.226569,
0.226694,
0.226821,
0.226951,
0.22708,
0.227207,
0.227326,
0.227435,
0.22753,
0.227609,
0.227673,
0.227722,
0.227757,
0.227781,
0.227794,
0.227796,
0.227789,
0.227786,
0.227796,
0.227822,
0.227866,
0.227922,
0.227968,
0.227986,
0.227974,
0.227953,
0.300616,
0.297806,
0.296817,
0.296551,
0.296466,
0.296447,
0.296477,
0.296548,
0.296649,
0.29677,
0.296905,
0.297046,
0.297188,
0.297327,
0.297461,
0.297586,
0.297701,
0.297803,
0.297892,
0.297966,
0.298025,
0.298072,
0.298109,
0.298148,
0.298203,
0.298303,
0.298452,
0.298553,
0.298515,
0.298368,
0.298139,
0.297813,
0.297379,
0.296853,
0.296255,
0.295594,
0.294869,
0.294079,
0.293227,
0.292323,
0.291381,
0.290409,
0.289413,
0.288402,
0.287388,
0.286378,
0.285378,
0.284399,
0.283454,
0.282573,
0.281768,
0.280946,
0.280065,
0.279146,
0.278215,
0.277284,
0.276363,
0.275457,
0.27457,
0.273703,
0.272856,
0.27203,
0.271224,
0.270437,
0.269668,
0.268916,
0.26818,
0.267453,
0.266736,
0.266032,
0.265351,
0.264697,
0.264068,
0.263458,
0.262866,
0.262288,
0.261723,
0.261169,
0.260624,
0.260089,
0.259562,
0.259046,
0.258541,
0.25805,
0.257573,
0.25711,
0.256662,
0.256226,
0.255803,
0.25539,
0.254985,
0.254586,
0.254191,
0.253799,
0.253409,
0.253021,
0.252636,
0.252253,
0.251875,
0.251501,
0.251132,
0.250771,
0.250419,
0.25008,
0.249752,
0.249433,
0.24912,
0.248813,
0.248507,
0.248204,
0.247901,
0.247598,
0.247294,
0.246987,
0.246675,
0.246359,
0.246039,
0.24572,
0.245409,
0.245105,
0.244804,
0.244504,
0.244202,
0.243896,
0.243588,
0.243283,
0.242988,
0.242706,
0.242437,
0.24218,
0.241941,
0.241725,
0.241533,


Test errors: 
0.389345,
0.338925,
0.319133,
0.308144,
0.302904,
0.300234,
0.298786,
0.298066,
0.297667,
0.297356,
0.297054,
0.296755,
0.296472,
0.296216,
0.295993,
0.295804,
0.295651,
0.295535,
0.295458,
0.295419,
0.295411,
0.295434,
0.295479,
0.295541,
0.295615,
0.295697,
0.295786,
0.295876,
0.29597,
0.296078,
0.296218,
0.296413,
0.296689,
0.297048,
0.297453,
0.297834,
0.298142,
0.298375,
0.298546,
0.298667,
0.29874,
0.298762,
0.298736,
0.298672,
0.298579,
0.298463,
0.298334,
0.298188,
0.29801,
0.297786,
0.297511,
0.297174,
0.296783,
0.296351,
0.295887,
0.295395,
0.294883,
0.294365,
0.293847,
0.293311,
0.292727,
0.292092,
0.291423,
0.290742,
0.290061,
0.289388,
0.288729,
0.288083,
0.287451,
0.286831,
0.286221,
0.285621,
0.285029,
0.284445,
0.28387,
0.283305,
0.282751,
0.282211,
0.281684,
0.281169,
0.280667,
0.280175,
0.279692,
0.279215,
0.278741,
0.27827,
0.277804,
0.277348,
0.27691,
0.276498,
0.276111,
0.275733,
0.27535,
0.274973,
0.274625,
0.274315,
0.274013,
0.273686,
0.273338,
0.272983,
0.272631,
0.272283,
0.271951,
0.271662,
0.271437,
0.27126,
0.271087,
0.270884,
0.270644,
0.270377,
0.270093,
0.269808,
0.269548,
0.269335,
0.269186,
0.269071,
0.268951,
0.268824,
0.268706,
0.268616,
0.268583,
0.268644,
0.268857,
0.269294,
0.269877,
0.270302,
0.270493,
0.270583,
0.270581,
0.270502,
0.270337,
0.270016,
0.269552,
0.268977,
0.268322,
0.267608,
0.266853,
0.266078,
0.265306,
0.264547,
0.263808,
0.263098,
0.262425,
0.261792,
0.261204,
0.260662,
0.260163,
0.259703,
0.259268,
0.258839,
0.258407,
0.257974,
0.257551,
0.257139,
0.256738,
0.256347,
0.255966,
0.255594,
0.255233,
0.254879,
0.25453,
0.254184,
0.25384,
0.253497,
0.253158,
0.252819,
0.25248,
0.252144,
0.251813,
0.25149,
0.251176,
0.25087,
0.250574,
0.250288,
0.250011,
0.249744,
0.249483,
0.249229,
0.248978,
0.248729,
0.248479,
0.248227,
0.247973,
0.247718,
0.247462,
0.247209,
0.24696,
0.246717,
0.246479,
0.246247,
0.246018,
0.245792,
0.245569,
0.24535,
0.245133,
0.24492,
0.244709,
0.244501,
0.244296,
0.244093,
0.243893,
0.243698,
0.243506,
0.243319,
0.243136,
0.242955,
0.242778,
0.242604,
0.242433,
0.242265,
0.242098,
0.241933,
0.241769,
0.241606,
0.241443,
0.24128,
0.241117,
0.240955,
0.240792,
0.240631,
0.24047,
0.24031,
0.240151,
0.239993,
0.239833,
0.239673,
0.239513,
0.239355,
0.239203,
0.239061,
0.238934,
0.238824,
0.238727,
0.238636,
0.238542,
0.238441,
0.238328,
0.2382,
0.238057,
0.2379,
0.23773,
0.237547,
0.237359,
0.237175,
0.237,
0.236834,
0.236674,
0.236519,
0.236364,
0.236208,
0.23605,
0.235891,
0.235732,
0.235574,
0.235422,
0.235281,
0.235156,
0.23505,
0.23496,
0.234886,
0.234823,
0.234768,
0.234721,
0.234681,
0.23465,
0.234628,
0.234616,
0.234617,
0.234632,
0.234658,
0.234691,
0.234723,
0.234743,
0.234748,
0.234735,
0.234707,
0.234669,
0.234623,
0.23457,
0.234512,
0.234449,
0.234383,
0.234314,
0.234243,
0.23417,
0.234097,
0.234023,
0.233948,
0.233873,
0.233797,
0.23372,
0.233643,
0.233565,
0.233487,
0.233409,
0.233331,
0.233255,
0.233178,
0.233101,
0.233024,
0.232946,
0.232866,
0.232785,
0.232704,
0.232625,
0.232549,
0.232477,
0.23241,
0.232348,
0.232293,
0.232246,
0.232208,
0.232182,
0.232167,
0.232164,
0.232172,
0.232187,
0.232206,
0.232223,
0.232234,
0.232236,
0.232231,
0.232219,
0.232203,
0.232185,
0.232164,
0.232142,
0.232116,
0.232086,
0.232051,
0.232011,
0.231971,
0.231938,
0.231925,
0.231936,
0.231973,
0.232028,
0.232095,
0.232162,
0.23222,
0.232257,
0.23227,
0.232259,
0.232229,
0.232183,
0.232124,
0.232059,
0.231993,
0.231929,
0.231868,
0.231811,
0.231758,
0.231709,
0.231666,
0.231632,
0.231609,
0.2316,
0.2316,
0.231601,
0.2316,
0.231596,
0.231598,
0.231615,
0.231661,
0.231736,
0.231822,
0.244882,
0.298068,
0.297426,
0.297906,
0.298333,
0.298425,
0.298335,
0.298216,
0.298138,
0.298113,
0.298132,
0.29818,
0.298245,
0.298318,
0.298393,
0.298467,
0.298535,
0.298596,
0.298648,
0.298688,
0.298714,
0.298725,
0.298718,
0.29869,
0.298641,
0.298569,
0.298476,
0.298372,
0.298221,
0.297976,
0.297657,
0.297286,
0.29685,
0.296332,
0.295738,
0.29508,
0.294366,
0.2936,
0.292779,
0.291903,
0.290974,
0.289998,
0.288985,
0.28794,
0.28687,
0.285784,
0.284691,
0.283601,
0.282525,
0.281474,
0.280464,
0.279504,
0.278564,
0.277617,
0.276662,
0.275713,
0.274781,
0.273871,
0.27298,
0.272106,
0.271249,
0.270408,
0.269584,
0.268785,
0.268014,
0.267272,
0.266563,
0.265887,
0.265241,
0.264622,
0.264026,
0.263448,
0.262888,
0.262347,
0.261822,
0.261311,
0.260811,
0.260321,
0.25984,
0.259366,
0.2589,
0.258441,
0.257991,
0.25755,
0.25712,
0.256701,
0.256295,
0.255901,
0.255517,
0.255142,
0.254773,
0.254405,
0.254039,
0.253673,
0.253309,
0.252945,
0.252584,
0.252225,
0.25187,
0.251522,
0.251182,
0.250854,
0.250541,
0.250243,
0.249962,
0.249696,
0.249442,
0.249196,
0.248956,
0.24872,
0.248488,
0.248258,
0.24803,
0.247804,
0.24758,
0.247358,
0.247136,
0.246914,
0.246692,
0.246471,
0.246251,
0.246036,
0.245826,
0.245616,
0.245397,
0.245156,
0.244883,
0.244583,
0.244274,
0.243969,
0.243674,
0.243389,
0.243117,
0.242855,
