FINAL REPORT
************
Train error (Mean +- SD): 0.0389776 +- 4.7819e-05
Test error (Mean +- SD): 0.127966 +- 7.54521e-05
Train CCR (Mean +- SD): 0.981111 +- 1.97531e-05
Test CCR (Mean +- SD): 0.944667 +- 0.000136
CONVERGENCE DATA
****************


Iterations: 
1,
2,
3,
4,
5,
6,
7,
8,
9,
10,
11,
12,
13,
14,
15,
16,
17,
18,
19,
20,
21,
22,
23,
24,
25,
26,
27,
28,
29,
30,
31,
32,
33,
34,
35,
36,
37,
38,
39,
40,
41,
42,
43,
44,
45,
46,
47,
48,
49,
50,
51,
52,
53,
54,
55,
56,
57,
58,
59,
60,
61,
62,
63,
64,
65,
66,
67,
68,
69,
70,
71,
72,
73,
74,
75,
76,
77,
78,
79,
80,
81,
82,
83,
84,
85,
86,
87,
88,
89,
90,
91,
92,
93,
94,
95,
96,
97,
98,
99,
100,
101,
102,
103,
104,
105,
106,
107,
108,
109,
110,
111,
112,
113,
114,
115,
116,
117,
118,
119,
120,
121,
122,
123,
124,
125,
126,
127,
128,
129,
130,
131,
132,
133,
134,
135,
136,
137,
138,
139,
140,
141,
142,
143,
144,
145,
146,
147,
148,
149,
150,
151,
152,
153,
154,
155,
156,
157,
158,
159,
160,
161,
162,
163,
164,
165,
166,
167,
168,
169,
170,
171,
172,
173,
174,
175,
176,
177,
178,
179,
180,
181,
182,
183,
184,
185,
186,
187,
188,
189,
190,
191,
192,
193,
194,
195,
196,
197,
198,
199,
200,
201,
202,
203,
204,
205,
206,
207,
208,
209,
210,
211,
212,
213,
214,
215,
216,
217,
218,
219,
220,
221,
222,
223,
224,
225,
226,
227,
228,
229,
230,
231,
232,
233,
234,
235,
236,
237,
238,
239,
240,
241,
242,
243,
244,
245,
246,
247,
248,
249,
250,
251,
252,
253,
254,
255,
256,
257,
258,
259,
260,
261,
262,
263,
264,
265,
266,
267,
268,
269,
270,
271,
272,
273,
274,
275,
276,
277,
278,
279,
280,
281,
282,
283,
284,
285,
286,
287,
288,
289,
290,
291,
292,
293,
294,
295,
296,
297,
298,
299,
300,
301,
302,
303,
304,
305,
306,
307,
308,
309,
310,
311,
312,
313,
314,
315,
316,
317,
318,
319,
320,
321,
322,
323,
324,
325,
326,
327,
328,
329,
330,
331,
332,
333,
334,
335,
336,
337,
338,
339,
340,
341,
342,
343,
344,
345,
346,
347,
348,
349,
350,
351,
352,
353,
354,
355,
356,
357,
358,
359,
360,
361,
362,
363,
364,
365,
366,
367,
368,
369,
370,
371,
372,
373,
374,
375,
376,
377,
378,
379,
380,
381,
382,
383,
384,
385,
386,
387,
388,
389,
390,
391,
392,
393,
394,
395,
396,
397,
398,
399,
400,
401,
402,
403,
404,
405,
406,
407,
408,
409,
410,
411,
412,
413,
414,
415,
416,
417,
418,
419,
420,
421,
422,
423,
424,
425,
426,
427,
428,
429,
430,
431,
432,
433,
434,
435,
436,
437,
438,
439,
440,
441,
442,
443,
444,
445,
446,
447,
448,
449,
450,
451,
452,
453,
454,
455,
456,
457,
458,
459,
460,
461,
462,
463,
464,
465,
466,
467,
468,
469,
470,
471,
472,
473,
474,
475,
476,
477,
478,
479,
480,
481,
482,
483,
484,
485,
486,
487,
488,
489,
490,
491,
492,
493,
494,
495,
496,
497,
498,
499,
500,


Train errors: 
0.340216,
0.344417,
0.330403,
0.314692,
0.304341,
0.303274,
0.300351,
0.298261,
0.296619,
0.29502,
0.293321,
0.291615,
0.290063,
0.288544,
0.286976,
0.285262,
0.283447,
0.281574,
0.279645,
0.27767,
0.275664,
0.273647,
0.271629,
0.26961,
0.267588,
0.265564,
0.263541,
0.261519,
0.259498,
0.257487,
0.255496,
0.253534,
0.251607,
0.249719,
0.247871,
0.246059,
0.244278,
0.242522,
0.240784,
0.239056,
0.237333,
0.235612,
0.233893,
0.232179,
0.230467,
0.228756,
0.227037,
0.22531,
0.223573,
0.221831,
0.220086,
0.218347,
0.216622,
0.214925,
0.21327,
0.211667,
0.210121,
0.208634,
0.207207,
0.205835,
0.204503,
0.203191,
0.201891,
0.200597,
0.199308,
0.198023,
0.196742,
0.195466,
0.194196,
0.192933,
0.191678,
0.190432,
0.189191,
0.187939,
0.186665,
0.185362,
0.184033,
0.182681,
0.181311,
0.179937,
0.178571,
0.177211,
0.175849,
0.174481,
0.173116,
0.171776,
0.170478,
0.169222,
0.167996,
0.166797,
0.165627,
0.164492,
0.163396,
0.162335,
0.161305,
0.160299,
0.159311,
0.158336,
0.15737,
0.156412,
0.155467,
0.154545,
0.153649,
0.152775,
0.151906,
0.151032,
0.150149,
0.149261,
0.148377,
0.147511,
0.146676,
0.145872,
0.145081,
0.144282,
0.143463,
0.142634,
0.141813,
0.141007,
0.140211,
0.139414,
0.138607,
0.137785,
0.13695,
0.136104,
0.135248,
0.134385,
0.133522,
0.132663,
0.131809,
0.13096,
0.130115,
0.129274,
0.128437,
0.127601,
0.126767,
0.125935,
0.125107,
0.124281,
0.123457,
0.122635,
0.121816,
0.121004,
0.120202,
0.11941,
0.11863,
0.117865,
0.117124,
0.116406,
0.115704,
0.115011,
0.114325,
0.113645,
0.112968,
0.112293,
0.111617,
0.110938,
0.110253,
0.109562,
0.108862,
0.108151,
0.107428,
0.106702,
0.105993,
0.105316,
0.104672,
0.104056,
0.103461,
0.102885,
0.102326,
0.101782,
0.101249,
0.100723,
0.100199,
0.099672,
0.0991393,
0.0985988,
0.0980499,
0.0974951,
0.0969395,
0.0963881,
0.0958422,
0.0953013,
0.0947655,
0.0942374,
0.0937212,
0.0932196,
0.0927319,
0.0922561,
0.0917905,
0.0913332,
0.0908813,
0.0904309,
0.0899783,
0.0895205,
0.0890565,
0.0885874,
0.0881144,
0.0876384,
0.0871596,
0.0866781,
0.086195,
0.0857113,
0.0852282,
0.0847466,
0.0842687,
0.0837992,
0.0833432,
0.0829032,
0.0824797,
0.0820725,
0.0816808,
0.0813034,
0.0809387,
0.0805847,
0.0802393,
0.0798994,
0.0795618,
0.0792236,
0.0788819,
0.0785349,
0.0781818,
0.0778231,
0.07746,
0.0770938,
0.0767257,
0.0763568,
0.0759883,
0.0756213,
0.0752569,
0.0748956,
0.0745383,
0.0741865,
0.0738419,
0.0735058,
0.0731782,
0.0728586,
0.0725464,
0.0722408,
0.0719411,
0.0716467,
0.0713569,
0.0710711,
0.0707888,
0.0705094,
0.0702326,
0.0699577,
0.0696836,
0.0694084,
0.0691305,
0.0688488,
0.0685637,
0.0682762,
0.067987,
0.0676966,
0.0674052,
0.0671136,
0.0668233,
0.0665366,
0.0662548,
0.0659777,
0.065702,
0.0654215,
0.0651322,
0.0648362,
0.0645381,
0.0642408,
0.063946,
0.0636542,
0.0633653,
0.0630785,
0.0627928,
0.0625072,
0.0622213,
0.0619351,
0.0616495,
0.0613653,
0.0610836,
0.0608045,
0.0605282,
0.0602545,
0.0599831,
0.0597138,
0.0594465,
0.0591811,
0.0589178,
0.0586567,
0.0583981,
0.0581425,
0.0578903,
0.0576415,
0.0573963,
0.0571546,
0.0569158,
0.0566795,
0.0564453,
0.0562136,
0.055985,
0.0557584,
0.0555324,
0.0553082,
0.0550889,
0.0548757,
0.0546686,
0.0544672,
0.0542711,
0.0540806,
0.0538958,
0.0537154,
0.0535371,
0.053359,
0.0531795,
0.0529979,
0.0528141,
0.0526288,
0.0524427,
0.0522565,
0.0520705,
0.0518842,
0.0516974,
0.0515096,
0.0513207,
0.0511303,
0.0509383,
0.050744,
0.050547,
0.0503464,
0.0501412,
0.0499303,
0.0497125,
0.0494869,
0.0492542,
0.0490166,
0.0487787,
0.0485457,
0.0483216,
0.0481086,
0.0479066,
0.0477141,
0.0475296,
0.0473518,
0.0471797,
0.0470129,
0.0468515,
0.0466957,
0.0465453,
0.0463998,
0.0462583,
0.0461199,
0.0459832,
0.0458472,
0.0457115,
0.0455776,
0.0454482,
0.0453237,
0.0452029,
0.0450844,
0.044968,
0.0448534,
0.0447405,
0.0446293,
0.0445197,
0.0444116,
0.0443047,
0.0441986,
0.0440929,
0.0439868,
0.0438803,
0.0437734,
0.0436664,
0.0435596,
0.043453,
0.0433465,
0.04324,
0.0431332,
0.0430261,
0.0429183,
0.0428099,
0.0427005,
0.04259,
0.0424784,
0.0423655,
0.0422515,
0.0421366,
0.0420211,
0.0419058,
0.0417916,
0.0416799,
0.0415714,
0.0414662,
0.0413635,
0.0412628,
0.0411634,
0.0410649,
0.0409671,
0.0408698,
0.0407728,
0.0406765,
0.0405812,
0.0404871,
0.0403941,
0.0403015,
0.0402089,
0.0401163,
0.0400241,
0.0399331,
0.0398441,
0.0397577,
0.0396742,
0.0395932,
0.0395141,
0.039436,
0.0393578,
0.0392778,
0.0391936,
0.0391011,
0.038993,
0.0388632,
0.0387333,
0.0386273,
0.0385303,
0.0384308,
0.0383256,
0.0382146,
0.0380987,
0.0379788,
0.0378554,
0.037729,
0.0376003,
0.0374702,
0.0373393,
0.0372072,
0.037074,
0.0369434,
0.0368208,
0.0367047,
0.0365906,
0.0364775,
0.0363667,
0.0362596,
0.0361566,
0.0360577,
0.0359623,
0.0358697,
0.0357794,
0.0356907,
0.0356033,
0.0355167,
0.0354303,
0.0353434,
0.0352552,
0.0351646,
0.0350696,
0.0349677,
0.0348546,
0.0347239,
0.0345664,
0.0343728,
0.0341486,
0.0339433,
0.0337989,
0.0336894,
0.0335934,
0.0335064,
0.033426,
0.0333505,
0.0332784,
0.0332086,
0.0331407,
0.0330743,
0.033009,
0.0329448,
0.0328813,
0.0328184,
0.0327558,
0.0326931,
0.0326301,
0.0325663,
0.0325009,
0.0324332,
0.032362,
0.0322856,
0.0322019,
0.0321087,
0.032006,
0.0318992,
0.0317989,
0.0317119,
0.0316366,
0.0315685,
0.0315048,
0.0314437,
0.0313846,
0.0313269,
0.0312703,
0.0312148,
0.0311602,
0.0311068,
0.0310547,
0.031004,
0.0309552,


Test errors: 
0.349647,
0.358324,
0.334196,
0.313735,
0.305058,
0.305201,
0.30126,
0.29825,
0.296827,
0.295782,
0.294099,
0.29196,
0.290173,
0.288774,
0.287363,
0.285625,
0.283654,
0.281656,
0.27965,
0.277537,
0.275278,
0.272958,
0.270655,
0.268374,
0.266086,
0.26379,
0.261508,
0.259249,
0.257006,
0.254782,
0.252598,
0.250479,
0.248434,
0.246463,
0.24456,
0.242727,
0.240961,
0.239255,
0.237602,
0.235992,
0.234421,
0.232886,
0.231387,
0.229921,
0.228483,
0.227067,
0.225665,
0.224269,
0.222874,
0.22148,
0.220091,
0.218713,
0.21735,
0.216006,
0.214681,
0.213372,
0.212069,
0.210762,
0.209445,
0.208117,
0.206788,
0.205474,
0.204188,
0.202943,
0.201742,
0.200584,
0.199464,
0.198383,
0.197341,
0.196342,
0.19539,
0.194486,
0.193629,
0.192812,
0.192033,
0.191291,
0.190583,
0.189905,
0.189243,
0.188579,
0.187893,
0.187168,
0.186399,
0.185589,
0.184748,
0.183889,
0.183028,
0.182188,
0.181382,
0.180618,
0.179892,
0.1792,
0.178531,
0.177875,
0.177219,
0.176554,
0.175874,
0.175177,
0.174465,
0.173742,
0.173017,
0.172299,
0.171593,
0.170899,
0.170216,
0.169541,
0.168877,
0.168228,
0.167607,
0.167027,
0.166496,
0.166011,
0.165559,
0.165132,
0.164731,
0.16436,
0.164022,
0.163706,
0.163396,
0.163074,
0.162726,
0.162344,
0.161938,
0.161543,
0.161189,
0.160881,
0.160601,
0.160332,
0.160069,
0.159813,
0.159569,
0.159337,
0.159109,
0.158881,
0.158653,
0.158432,
0.158226,
0.158038,
0.157867,
0.157709,
0.157561,
0.157418,
0.157277,
0.157135,
0.156989,
0.156836,
0.156673,
0.156497,
0.156305,
0.156099,
0.155885,
0.155665,
0.155439,
0.155208,
0.154971,
0.154727,
0.154478,
0.154222,
0.153959,
0.153692,
0.153425,
0.153168,
0.152935,
0.15274,
0.152586,
0.152464,
0.152358,
0.152257,
0.152153,
0.152046,
0.151933,
0.151817,
0.151698,
0.151577,
0.151456,
0.151334,
0.151213,
0.15109,
0.150964,
0.150834,
0.150698,
0.150557,
0.150414,
0.15027,
0.150129,
0.149993,
0.149864,
0.149742,
0.149626,
0.149515,
0.149406,
0.149296,
0.149181,
0.149064,
0.14895,
0.148843,
0.148747,
0.148659,
0.148576,
0.148493,
0.148408,
0.148319,
0.148224,
0.148124,
0.148024,
0.147928,
0.147843,
0.147773,
0.147716,
0.147672,
0.14764,
0.14762,
0.147615,
0.147623,
0.147643,
0.147673,
0.147709,
0.14775,
0.147795,
0.147841,
0.147889,
0.147939,
0.147994,
0.148057,
0.148128,
0.148207,
0.148292,
0.148382,
0.148475,
0.148568,
0.14866,
0.148748,
0.148833,
0.148914,
0.148993,
0.149075,
0.149161,
0.149252,
0.149349,
0.149451,
0.149559,
0.149673,
0.149793,
0.14992,
0.150053,
0.150192,
0.150335,
0.15048,
0.150624,
0.15077,
0.150918,
0.151069,
0.151225,
0.151384,
0.151548,
0.151717,
0.151894,
0.15208,
0.152277,
0.152483,
0.152687,
0.152866,
0.153004,
0.153106,
0.153199,
0.153299,
0.153407,
0.153519,
0.15363,
0.153741,
0.153853,
0.153967,
0.154081,
0.154195,
0.154308,
0.154417,
0.154522,
0.154622,
0.154717,
0.154807,
0.154894,
0.154979,
0.155061,
0.155141,
0.155219,
0.155295,
0.155366,
0.155433,
0.155495,
0.15555,
0.155596,
0.155632,
0.155655,
0.155663,
0.155656,
0.15564,
0.155627,
0.155634,
0.155666,
0.155714,
0.155767,
0.155824,
0.155891,
0.155975,
0.15607,
0.15617,
0.156271,
0.156374,
0.156479,
0.156588,
0.156699,
0.156811,
0.156923,
0.157036,
0.157149,
0.157262,
0.157372,
0.157482,
0.157589,
0.157694,
0.157797,
0.157897,
0.157995,
0.15809,
0.158183,
0.158273,
0.158361,
0.158447,
0.158531,
0.158614,
0.158694,
0.158769,
0.158838,
0.158899,
0.158953,
0.159001,
0.159047,
0.159092,
0.159137,
0.159181,
0.159226,
0.159272,
0.15932,
0.159372,
0.159428,
0.159489,
0.159554,
0.15962,
0.159685,
0.159745,
0.159798,
0.15984,
0.159867,
0.159877,
0.159872,
0.159856,
0.159834,
0.159807,
0.159778,
0.159746,
0.159713,
0.159678,
0.159642,
0.159605,
0.159568,
0.15953,
0.159491,
0.159453,
0.159417,
0.159384,
0.159354,
0.159328,
0.159305,
0.159285,
0.159269,
0.159255,
0.159244,
0.159235,
0.159228,
0.159224,
0.159221,
0.159219,
0.159218,
0.159218,
0.159218,
0.159219,
0.159219,
0.15922,
0.159223,
0.159228,
0.159238,
0.159251,
0.159268,
0.15929,
0.159315,
0.159344,
0.159376,
0.15941,
0.159447,
0.159486,
0.159528,
0.159572,
0.159619,
0.159667,
0.159712,
0.159751,
0.15978,
0.159797,
0.159802,
0.159797,
0.159785,
0.159766,
0.15974,
0.159706,
0.159663,
0.15961,
0.159548,
0.159499,
0.159516,
0.159621,
0.159777,
0.159929,
0.160056,
0.160158,
0.160245,
0.160322,
0.160393,
0.160455,
0.160506,
0.160539,
0.16055,
0.160536,
0.160505,
0.160477,
0.160478,
0.160519,
0.160591,
0.160681,
0.160774,
0.160863,
0.160942,
0.161011,
0.161069,
0.16112,
0.161165,
0.161205,
0.161242,
0.161276,
0.161308,
0.161339,
0.161369,
0.161398,
0.161426,
0.161453,
0.161478,
0.161501,
0.161521,
0.161538,
0.161554,
0.161565,
0.161565,
0.161555,
0.161534,
0.161505,
0.161473,
0.161441,
0.16141,
0.161378,
0.161346,
0.161313,
0.161278,
0.161243,
0.161206,
0.161169,
0.161131,
0.161092,
0.161052,
0.161012,
0.160971,
0.160929,
0.160887,
0.160843,
0.160797,
0.160748,
0.160696,
0.160641,
0.160584,
0.160528,
0.160472,
0.160416,
0.160363,
0.160312,
0.160265,
0.160221,
0.160181,
0.160144,
0.160109,
0.160076,
0.160043,
0.160011,
