FINAL REPORT
************
Train error (Mean +- SD): 0.107803 +- 0.000662512
Test error (Mean +- SD): 0.107424 +- 0.000645856
Train CCR (Mean +- SD): 0.911111 +- 0.00272299
Test CCR (Mean +- SD): 0.903333 +- 0.00256444
CONVERGENCE DATA
****************


Iterations: 
1,
2,
3,
4,
5,
6,
7,
8,
9,
10,
11,
12,
13,
14,
15,
16,
17,
18,
19,
20,
21,
22,
23,
24,
25,
26,
27,
28,
29,
30,
31,
32,
33,
34,
35,
36,
37,
38,
39,
40,
41,
42,
43,
44,
45,
46,
47,
48,
49,
50,
51,
52,
53,
54,
55,
56,
57,
58,
59,
60,
61,
62,
63,
64,
65,
66,
67,
68,
69,
70,
71,
72,
73,
74,
75,
76,
77,
78,
79,
80,
81,
82,
83,
84,
85,
86,
87,
88,
89,
90,
91,
92,
93,
94,
95,
96,
97,
98,
99,
100,
101,
102,
103,
104,
105,
106,
107,
108,
109,
110,
111,
112,
113,
114,
115,
116,
117,
118,
119,
120,
121,
122,
123,
124,
125,
126,
127,
128,
129,
130,
131,
132,
133,
134,
135,
136,
137,
138,
139,
140,
141,
142,
143,
144,
145,
146,
147,
148,
149,
150,
151,
152,
153,
154,
155,
156,
157,
158,
159,
160,
161,
162,
163,
164,
165,
166,
167,
168,
169,
170,
171,
172,
173,
174,
175,
176,
177,
178,
179,
180,
181,
182,
183,
184,
185,
186,
187,
188,
189,
190,
191,
192,
193,
194,
195,
196,
197,
198,
199,
200,
201,
202,
203,
204,
205,
206,
207,
208,
209,
210,
211,
212,
213,
214,
215,
216,
217,
218,
219,
220,
221,
222,
223,
224,
225,
226,
227,
228,
229,
230,
231,
232,
233,
234,
235,
236,
237,
238,
239,
240,
241,
242,
243,
244,
245,
246,
247,
248,
249,
250,
251,
252,
253,
254,
255,
256,
257,
258,
259,
260,
261,
262,
263,
264,
265,
266,
267,
268,
269,
270,
271,
272,
273,
274,
275,
276,
277,
278,
279,
280,
281,
282,
283,
284,
285,
286,
287,
288,
289,
290,
291,
292,
293,
294,
295,
296,
297,
298,
299,
300,
301,
302,
303,
304,
305,
306,
307,
308,
309,
310,
311,
312,
313,
314,
315,
316,
317,
318,
319,
320,
321,
322,
323,
324,
325,
326,
327,
328,
329,
330,
331,
332,
333,
334,
335,
336,
337,
338,
339,
340,
341,
342,
343,
344,
345,
346,
347,
348,
349,
350,
351,
352,
353,
354,
355,
356,
357,
358,
359,
360,
361,
362,
363,
364,
365,
366,
367,
368,
369,
370,
371,
372,
373,
374,
375,
376,
377,
378,
379,
380,
381,
382,
383,
384,
385,
386,
387,
388,
389,
390,
391,
392,
393,
394,
395,
396,
397,
398,
399,
400,
401,
402,
403,
404,
405,
406,
407,
408,
409,
410,
411,
412,
413,
414,
415,
416,
417,
418,
419,
420,
421,
422,
423,
424,
425,
426,
427,
428,
429,
430,
431,
432,
433,
434,
435,
436,
437,
438,
439,
440,
441,
442,
443,
444,
445,
446,
447,
448,
449,
450,
451,
452,
453,
454,
455,
456,
457,
458,
459,
460,
461,
462,
463,
464,
465,
466,
467,
468,
469,
470,
471,
472,
473,
474,
475,
476,
477,
478,
479,
480,
481,
482,
483,
484,
485,
486,
487,
488,
489,
490,
491,
492,
493,
494,
495,
496,
497,
498,
499,
500,


Train errors: 
0.276052,
0.275465,
0.272798,
0.272448,
0.270954,
0.268548,
0.378221,
0.164728,
0.263525,
0.260666,
0.255139,
0.261721,
0.259979,
0.257138,
0.258416,
0.208222,
0.248319,
0.224972,
0.245716,
0.160827,
0.224194,
0.248901,
0.234531,
0.215016,
0.153013,
0.19177,
0.229005,
0.200792,
0.194335,
0.192244,
0.205204,
0.25081,
0.19672,
0.184573,
0.239442,
0.229612,
0.236855,
0.23918,
0.225409,
0.228044,
0.209756,
0.218131,
0.226816,
0.203414,
0.235553,
0.194065,
0.167865,
0.173716,
0.23899,
0.239714,
0.237422,
0.207542,
0.197144,
0.202902,
0.23968,
0.149447,
0.155293,
0.214057,
0.191048,
0.178488,
0.216166,
0.187003,
0.149701,
0.152184,
0.154661,
0.158835,
0.158728,
0.175116,
0.171032,
0.1998,
0.135831,
0.136127,
0.1481,
0.13882,
0.141484,
0.141908,
0.185656,
0.195888,
0.143728,
0.133872,
0.138014,
0.140241,
0.13739,
0.161853,
0.129392,
0.130919,
0.138064,
0.122593,
0.136818,
0.138891,
0.144735,
0.131118,
0.144142,
0.135016,
0.136679,
0.118943,
0.126324,
0.138922,
0.145734,
0.113825,
0.108758,
0.129021,
0.14481,
0.130185,
0.136853,
0.102609,
0.13427,
0.141587,
0.130994,
0.126298,
0.120125,
0.112144,
0.107883,
0.0935196,
0.10784,
0.129334,
0.121071,
0.124275,
0.107463,
0.127437,
0.11052,
0.113106,
0.116819,
0.126068,
0.127034,
0.143547,
0.137999,
0.118718,
0.146312,
0.12489,
0.120908,
0.131058,
0.13652,
0.141182,
0.137506,
0.121017,
0.110948,
0.12858,
0.12233,
0.143675,
0.143493,
0.12673,
0.13482,
0.117004,
0.114863,
0.104024,
0.101089,
0.0899945,
0.120971,
0.114855,
0.127382,
0.131025,
0.147081,
0.116649,
0.111937,
0.147295,
0.14033,
0.130281,
0.132924,
0.148711,
0.141545,
0.136567,
0.0845266,
0.128352,
0.113004,
0.104395,
0.110177,
0.13212,
0.132413,
0.0979862,
0.0982713,
0.0947679,
0.101278,
0.103871,
0.0959562,
0.105493,
0.10128,
0.101546,
0.126459,
0.109217,
0.109058,
0.100586,
0.0908898,
0.0907092,
0.0915634,
0.101572,
0.11705,
0.108756,
0.0981699,
0.117584,
0.0931932,
0.0992838,
0.101523,
0.10026,
0.0940681,
0.0976865,
0.0950133,
0.117665,
0.104411,
0.112484,
0.0937939,
0.113667,
0.100715,
0.0945335,
0.0983589,
0.112244,
0.0897971,
0.104026,
0.122367,
0.0981128,
0.105982,
0.102867,
0.101024,
0.276422,
0.275737,
0.273912,
0.264211,
0.257308,
0.25401,
0.239732,
0.245857,
0.233393,
0.245037,
0.249467,
0.252189,
0.22797,
0.253092,
0.241267,
0.251093,
0.206552,
0.259235,
0.164077,
0.253808,
0.151061,
0.216141,
0.207737,
0.244172,
0.183218,
0.178765,
0.180389,
0.244503,
0.228129,
0.242454,
0.202478,
0.252277,
0.213999,
0.218234,
0.177066,
0.165726,
0.17931,
0.156682,
0.196647,
0.215374,
0.193122,
0.16731,
0.179846,
0.173094,
0.14726,
0.145066,
0.145232,
0.170297,
0.165068,
0.169712,
0.169744,
0.158116,
0.173779,
0.159051,
0.156986,
0.172777,
0.189749,
0.159931,
0.174084,
0.15091,
0.179244,
0.166275,
0.171412,
0.155905,
0.133765,
0.145144,
0.116631,
0.175812,
0.10652,
0.149192,
0.145687,
0.139999,
0.147944,
0.108518,
0.158938,
0.165083,
0.164812,
0.127075,
0.148295,
0.141825,
0.163631,
0.125636,
0.165397,
0.155075,
0.141205,
0.144659,
0.157385,
0.156095,
0.16059,
0.145453,
0.154037,
0.153867,
0.16081,
0.138873,
0.116088,
0.125276,
0.109358,
0.102863,
0.148909,
0.119701,
0.112722,
0.11824,
0.137356,
0.126016,
0.158185,
0.12744,
0.15825,
0.153346,
0.126513,
0.124177,
0.137471,
0.128703,
0.0910712,
0.105647,
0.145088,
0.123612,
0.133932,
0.131453,
0.149966,
0.111247,
0.112894,
0.144705,
0.148951,
0.123031,
0.120101,
0.143963,
0.114429,
0.11747,
0.121159,
0.10242,
0.104552,
0.1072,
0.147735,
0.118192,
0.125917,
0.113891,
0.117083,
0.113547,
0.102203,
0.0924453,
0.130728,
0.116155,
0.128388,
0.100977,
0.0872603,
0.118418,
0.0825837,
0.103782,
0.117244,
0.132915,
0.122704,
0.111345,
0.110631,
0.106879,
0.104219,
0.116752,
0.116112,
0.125405,
0.124947,
0.111625,
0.117385,
0.118614,
0.122397,
0.119596,
0.126004,
0.102618,
0.101821,
0.12166,
0.10044,
0.101522,
0.117099,
0.105445,
0.128387,
0.114417,
0.0948194,
0.116834,
0.116662,
0.101998,
0.0957585,
0.129872,
0.100788,
0.087417,
0.105151,
0.11852,
0.0949483,
0.0860137,
0.107434,
0.105065,
0.105126,
0.130013,
0.0922242,
0.119675,
0.102308,
0.0940771,
0.0994458,
0.0860342,
0.106305,
0.275111,
0.272417,
0.274706,
0.272876,
0.26713,
0.268167,
0.255215,
0.265676,
0.264675,
0.262177,
0.255902,
0.164369,
0.252072,
0.240166,
0.159392,
0.161783,
0.227789,
0.255429,
0.243495,
0.155738,
0.152402,
0.237597,
0.197913,
0.230196,
0.143975,
0.201956,
0.196577,
0.238127,
0.198636,
0.223957,
0.223579,
0.221398,
0.15227,
0.148185,
0.15688,
0.15832,
0.238259,
0.235429,
0.229608,
0.22369,
0.237035,
0.144191,
0.238887,
0.213967,
0.220816,
0.244674,
0.224097,
0.214394,
0.222627,
0.217801,
0.203125,
0.219439,
0.196979,
0.186735,
0.218171,
0.211267,
0.215687,
0.212913,
0.211627,
0.209246,
0.217878,
0.187338,
0.163508,
0.191679,
0.157468,
0.175976,
0.212974,
0.182976,
0.205193,
0.212684,
0.210735,
0.187596,
0.153675,
0.170635,
0.167092,
0.275889,
0.165801,
0.275044,
0.26947,
0.269531,
0.275763,
0.242958,
0.26623,
0.27517,
0.252953,
0.263256,
0.255667,
0.296583,
0.254301,
0.255277,


Test errors: 
0.280668,
0.280039,
0.277432,
0.277135,
0.274963,
0.273143,
0.375309,
0.164849,
0.268594,
0.267283,
0.261321,
0.266818,
0.265444,
0.260296,
0.262878,
0.208286,
0.254402,
0.225911,
0.24684,
0.162446,
0.227328,
0.255819,
0.237494,
0.216707,
0.156044,
0.189732,
0.231551,
0.200538,
0.189744,
0.187166,
0.202043,
0.257525,
0.198835,
0.184869,
0.243736,
0.234793,
0.240203,
0.239702,
0.227039,
0.231808,
0.212534,
0.219757,
0.230394,
0.196853,
0.237791,
0.191677,
0.171386,
0.173092,
0.236595,
0.243206,
0.238742,
0.204839,
0.198274,
0.206177,
0.245496,
0.150247,
0.157475,
0.217556,
0.191151,
0.174985,
0.219155,
0.177097,
0.149186,
0.146741,
0.151145,
0.156536,
0.160433,
0.168586,
0.16706,
0.219824,
0.133066,
0.132441,
0.138144,
0.138475,
0.142601,
0.136316,
0.186272,
0.194808,
0.137943,
0.12727,
0.134278,
0.139699,
0.13188,
0.154808,
0.136002,
0.128178,
0.138062,
0.121951,
0.129862,
0.133608,
0.136814,
0.126084,
0.136674,
0.128535,
0.13396,
0.120814,
0.122772,
0.13967,
0.144457,
0.117259,
0.113995,
0.128379,
0.142712,
0.134679,
0.133194,
0.0991499,
0.131581,
0.132977,
0.128386,
0.120487,
0.115507,
0.106656,
0.105919,
0.0924773,
0.106512,
0.122381,
0.124685,
0.119301,
0.11057,
0.117371,
0.1095,
0.109862,
0.120856,
0.125155,
0.128888,
0.143331,
0.137511,
0.118227,
0.146359,
0.127442,
0.120108,
0.134202,
0.134087,
0.14365,
0.142237,
0.13032,
0.112853,
0.137202,
0.12356,
0.143455,
0.144853,
0.12561,
0.134926,
0.111279,
0.11087,
0.102852,
0.104771,
0.0888279,
0.123154,
0.124438,
0.122064,
0.127695,
0.145776,
0.108766,
0.107765,
0.145207,
0.138282,
0.122359,
0.12817,
0.136098,
0.138666,
0.141198,
0.0901089,
0.127039,
0.11394,
0.113005,
0.116672,
0.14509,
0.14282,
0.111186,
0.109649,
0.108906,
0.106979,
0.113622,
0.102067,
0.112836,
0.101488,
0.0993695,
0.125341,
0.108788,
0.111756,
0.104124,
0.0929806,
0.0939197,
0.0934984,
0.0998112,
0.112548,
0.100434,
0.0963783,
0.115689,
0.097762,
0.104826,
0.102719,
0.104174,
0.100585,
0.0922896,
0.103483,
0.118323,
0.111338,
0.11574,
0.0940627,
0.101999,
0.0950179,
0.0923518,
0.0864242,
0.104178,
0.0832963,
0.0939285,
0.115202,
0.0933941,
0.0881371,
0.09057,
0.0893612,
0.28117,
0.280412,
0.278793,
0.26971,
0.263249,
0.259565,
0.242907,
0.253606,
0.244389,
0.25299,
0.258627,
0.25713,
0.231546,
0.25642,
0.241947,
0.252821,
0.205812,
0.267374,
0.1639,
0.257038,
0.151007,
0.212722,
0.202538,
0.248882,
0.185824,
0.176878,
0.170961,
0.247145,
0.229402,
0.242167,
0.196591,
0.261109,
0.220784,
0.220728,
0.18515,
0.173458,
0.175662,
0.153867,
0.198665,
0.21787,
0.193089,
0.173053,
0.178958,
0.181933,
0.160019,
0.148119,
0.142587,
0.176202,
0.165197,
0.177729,
0.170844,
0.169756,
0.190075,
0.172919,
0.158035,
0.172469,
0.198827,
0.16498,
0.176541,
0.163951,
0.186764,
0.173724,
0.174814,
0.152306,
0.144666,
0.150439,
0.132547,
0.18338,
0.124489,
0.164356,
0.158741,
0.141983,
0.155043,
0.119067,
0.161388,
0.163954,
0.163548,
0.129784,
0.157236,
0.143788,
0.174831,
0.129028,
0.163788,
0.14495,
0.138435,
0.140073,
0.152727,
0.155473,
0.159065,
0.14668,
0.149673,
0.157353,
0.159117,
0.145906,
0.131449,
0.150607,
0.12182,
0.105456,
0.150632,
0.123412,
0.122183,
0.117295,
0.135832,
0.131179,
0.159861,
0.144836,
0.169104,
0.162657,
0.134957,
0.132589,
0.142752,
0.136909,
0.102596,
0.11744,
0.152535,
0.126776,
0.148029,
0.143205,
0.161069,
0.121355,
0.117931,
0.150292,
0.147032,
0.135008,
0.133323,
0.161901,
0.119236,
0.129721,
0.122746,
0.107134,
0.101394,
0.115097,
0.166998,
0.127924,
0.128938,
0.114841,
0.12013,
0.119347,
0.0990545,
0.0889143,
0.132649,
0.120422,
0.140504,
0.108518,
0.100359,
0.128687,
0.0870667,
0.113223,
0.122795,
0.138342,
0.127512,
0.104956,
0.121811,
0.111052,
0.0985697,
0.121972,
0.121849,
0.137576,
0.13708,
0.122223,
0.131044,
0.1266,
0.131277,
0.124642,
0.133754,
0.117166,
0.114961,
0.135801,
0.109499,
0.111389,
0.125564,
0.125496,
0.137257,
0.124665,
0.109234,
0.128202,
0.135222,
0.112959,
0.105888,
0.134412,
0.110568,
0.0965899,
0.118254,
0.138461,
0.106814,
0.0929037,
0.1191,
0.106736,
0.107775,
0.142414,
0.098183,
0.126582,
0.108336,
0.0980293,
0.0978495,
0.0807877,
0.0834262,
0.27994,
0.276177,
0.27912,
0.277598,
0.271237,
0.27013,
0.257478,
0.271226,
0.269403,
0.268614,
0.260536,
0.163855,
0.253531,
0.2402,
0.156887,
0.159277,
0.224671,
0.261115,
0.250531,
0.154178,
0.146179,
0.240978,
0.194326,
0.240555,
0.140853,
0.199705,
0.190483,
0.245022,
0.19124,
0.227007,
0.225542,
0.225566,
0.154897,
0.149235,
0.155565,
0.159143,
0.240805,
0.23661,
0.234511,
0.220664,
0.242432,
0.142382,
0.23924,
0.21587,
0.223847,
0.251654,
0.233534,
0.217712,
0.230529,
0.220874,
0.206296,
0.222147,
0.198202,
0.180567,
0.222754,
0.214539,
0.223284,
0.211196,
0.214955,
0.202715,
0.220211,
0.179728,
0.160795,
0.186104,
0.153095,
0.170091,
0.208889,
0.183881,
0.203234,
0.213779,
0.209613,
0.186643,
0.146699,
0.169849,
0.140595,
0.280358,
0.165801,
0.279604,
0.273352,
0.273722,
0.281872,
0.242487,
0.27083,
0.279714,
0.254834,
0.268021,
0.258965,
0.315303,
0.252268,
0.255652,
