FINAL REPORT
************
Train error (Mean +- SD): 0.0221882 +- 4.02519e-08
Test error (Mean +- SD): 0.048338 +- 1.33981e-05
Train CCR (Mean +- SD): 0.98 +- 2.20679e-05
Test CCR (Mean +- SD): 0.947333 +- 4.17778e-05
CONVERGENCE DATA
****************


Iterations: 
1,
2,
3,
4,
5,
6,
7,
8,
9,
10,
11,
12,
13,
14,
15,
16,
17,
18,
19,
20,
21,
22,
23,
24,
25,
26,
27,
28,
29,
30,
31,
32,
33,
34,
35,
36,
37,
38,
39,
40,
41,
42,
43,
44,
45,
46,
47,
48,
49,
50,
51,
52,
53,
54,
55,
56,
57,
58,
59,
60,
61,
62,
63,
64,
65,
66,
67,
68,
69,
70,
71,
72,
73,
74,
75,
76,
77,
78,
79,
80,
81,
82,
83,
84,
85,
86,
87,
88,
89,
90,
91,
92,
93,
94,
95,
96,
97,
98,
99,
100,
101,
102,
103,
104,
105,
106,
107,
108,
109,
110,
111,
112,
113,
114,
115,
116,
117,
118,
119,
120,
121,
122,
123,
124,
125,
126,
127,
128,
129,
130,
131,
132,
133,
134,
135,
136,
137,
138,
139,
140,
141,
142,
143,
144,
145,
146,
147,
148,
149,
150,
151,
152,
153,
154,
155,
156,
157,
158,
159,
160,
161,
162,
163,
164,
165,
166,
167,
168,
169,
170,
171,
172,
173,
174,
175,
176,
177,
178,
179,
180,
181,
182,
183,
184,
185,
186,
187,
188,
189,
190,
191,
192,
193,
194,
195,
196,
197,
198,
199,
200,
201,
202,
203,
204,
205,
206,
207,
208,
209,
210,
211,
212,
213,
214,
215,
216,
217,
218,
219,
220,
221,
222,
223,
224,
225,
226,
227,
228,
229,
230,
231,
232,
233,
234,
235,
236,
237,
238,
239,
240,
241,
242,
243,
244,
245,
246,
247,
248,
249,
250,
251,
252,
253,
254,
255,
256,
257,
258,
259,
260,
261,
262,
263,
264,
265,
266,
267,
268,
269,
270,
271,
272,
273,
274,
275,
276,
277,
278,
279,
280,
281,
282,
283,
284,
285,
286,
287,
288,
289,
290,
291,
292,
293,
294,
295,
296,
297,
298,
299,
300,
301,
302,
303,
304,
305,
306,
307,
308,
309,
310,
311,
312,
313,
314,
315,
316,
317,
318,
319,
320,
321,
322,
323,
324,
325,
326,
327,
328,
329,
330,
331,
332,
333,
334,
335,
336,
337,
338,
339,
340,
341,
342,
343,
344,
345,
346,
347,
348,
349,
350,
351,
352,
353,
354,
355,
356,
357,
358,
359,
360,
361,
362,
363,
364,
365,
366,
367,
368,
369,
370,
371,
372,
373,
374,
375,
376,
377,
378,
379,
380,
381,
382,
383,
384,
385,
386,
387,
388,
389,
390,
391,
392,
393,
394,
395,
396,
397,
398,
399,
400,
401,
402,
403,
404,
405,
406,
407,
408,
409,
410,
411,
412,
413,
414,
415,
416,
417,
418,
419,
420,
421,
422,
423,
424,
425,
426,
427,
428,
429,
430,
431,
432,
433,
434,
435,
436,
437,
438,
439,
440,
441,
442,
443,
444,
445,
446,
447,
448,
449,
450,
451,
452,
453,
454,
455,
456,
457,
458,
459,
460,
461,
462,
463,
464,
465,
466,
467,
468,
469,
470,
471,
472,
473,
474,
475,
476,
477,
478,
479,
480,
481,
482,
483,
484,
485,
486,
487,
488,
489,
490,
491,
492,
493,
494,
495,
496,
497,
498,
499,
500,


Train errors: 
0.312913,
0.255154,
0.239655,
0.176562,
0.158421,
0.158649,
0.15707,
0.155125,
0.152882,
0.150771,
0.149341,
0.148381,
0.147295,
0.146132,
0.14492,
0.143635,
0.142343,
0.14109,
0.139922,
0.138865,
0.137905,
0.137008,
0.136143,
0.135291,
0.13444,
0.133584,
0.132724,
0.131863,
0.131004,
0.13015,
0.129301,
0.128454,
0.127608,
0.126763,
0.12592,
0.125079,
0.124242,
0.123412,
0.122589,
0.121774,
0.120965,
0.120161,
0.119361,
0.118563,
0.117764,
0.116964,
0.116162,
0.11536,
0.11456,
0.113762,
0.112966,
0.112172,
0.11138,
0.110588,
0.109795,
0.109002,
0.108207,
0.107411,
0.106615,
0.105817,
0.10502,
0.104223,
0.103426,
0.102632,
0.10184,
0.10105,
0.100263,
0.0994784,
0.0986962,
0.0979166,
0.0971405,
0.0963691,
0.0956039,
0.0948464,
0.0940979,
0.0933592,
0.0926305,
0.0919119,
0.0912032,
0.090504,
0.089814,
0.0891332,
0.0884613,
0.0877984,
0.0871446,
0.0865002,
0.0858655,
0.0852405,
0.0846255,
0.0840207,
0.0834261,
0.0828415,
0.0822668,
0.0817017,
0.0811458,
0.0805991,
0.0800613,
0.0795324,
0.0790127,
0.0785021,
0.0780007,
0.0775083,
0.0770247,
0.0765492,
0.0760814,
0.0756208,
0.075167,
0.0747196,
0.0742786,
0.0738436,
0.0734146,
0.0729914,
0.0725736,
0.0721611,
0.0717535,
0.0713505,
0.0709519,
0.0705575,
0.0701674,
0.0697814,
0.0693995,
0.0690215,
0.0686473,
0.0682765,
0.0679089,
0.0675443,
0.0671824,
0.0668231,
0.0664663,
0.0661118,
0.0657599,
0.0654105,
0.0650638,
0.0647199,
0.064379,
0.0640411,
0.0637065,
0.063375,
0.0630468,
0.0627217,
0.0623999,
0.0620811,
0.0617653,
0.0614523,
0.0611422,
0.0608347,
0.0605298,
0.0602275,
0.0599276,
0.0596303,
0.0593355,
0.0590431,
0.058753,
0.0584652,
0.0581794,
0.0578954,
0.0576129,
0.0573319,
0.0570522,
0.0567736,
0.0564962,
0.0562199,
0.0559447,
0.0556706,
0.0553977,
0.055126,
0.0548556,
0.0545865,
0.0543189,
0.0540529,
0.0537885,
0.053526,
0.0532654,
0.053007,
0.0527508,
0.052497,
0.0522456,
0.0519969,
0.0517507,
0.0515071,
0.0512661,
0.0510277,
0.0507919,
0.0505585,
0.0503276,
0.0500991,
0.0498729,
0.049649,
0.0494274,
0.049208,
0.0489907,
0.0487755,
0.0485624,
0.0483513,
0.0481422,
0.047935,
0.0477298,
0.0475265,
0.047325,
0.0471255,
0.0469278,
0.046732,
0.0465379,
0.0463456,
0.0461551,
0.0459662,
0.0457789,
0.0455933,
0.0454093,
0.0452268,
0.0450459,
0.0448665,
0.0446887,
0.0445124,
0.0443377,
0.0441644,
0.0439926,
0.0438222,
0.0436532,
0.0434857,
0.0433196,
0.0431549,
0.0429918,
0.0428302,
0.0426702,
0.0425119,
0.0423554,
0.0422005,
0.0420475,
0.0418963,
0.0417469,
0.0415994,
0.0414537,
0.0413097,
0.0411675,
0.0410269,
0.0408879,
0.0407505,
0.0406145,
0.04048,
0.0403467,
0.0402147,
0.0400839,
0.0399543,
0.0398257,
0.0396982,
0.0395717,
0.0394461,
0.0393215,
0.0391977,
0.0390749,
0.0389529,
0.0388317,
0.0387113,
0.0385917,
0.0384729,
0.0383549,
0.0382375,
0.0381209,
0.0380051,
0.0378899,
0.0377753,
0.0376614,
0.0375481,
0.0374354,
0.0373233,
0.0372117,
0.0371006,
0.03699,
0.0368799,
0.0367702,
0.036661,
0.0365521,
0.0364437,
0.0363356,
0.0362279,
0.0361204,
0.0360132,
0.0359063,
0.0357995,
0.0356928,
0.0355863,
0.03548,
0.0353738,
0.0352679,
0.0351622,
0.0350567,
0.0349516,
0.0348468,
0.0347425,
0.0346386,
0.0345352,
0.0344322,
0.0343299,
0.034228,
0.0341268,
0.0340261,
0.0339259,
0.0338264,
0.0337273,
0.0336289,
0.033531,
0.0334336,
0.0333368,
0.0332405,
0.0331448,
0.0330497,
0.032955,
0.032861,
0.0327675,
0.0326745,
0.0325822,
0.0324904,
0.0323992,
0.0323086,
0.0322186,
0.0321293,
0.0320405,
0.0319523,
0.0318647,
0.0317776,
0.0316912,
0.0316053,
0.0315201,
0.0314355,
0.0313516,
0.0312685,
0.0311862,
0.0311046,
0.0310238,
0.0309438,
0.0308645,
0.030786,
0.0307081,
0.0306309,
0.0305543,
0.0304782,
0.0304026,
0.0303275,
0.0302527,
0.0301782,
0.030104,
0.0300299,
0.0299559,
0.0298821,
0.0298083,
0.0297346,
0.0296611,
0.0295876,
0.0295143,
0.0294412,
0.0293684,
0.0292959,
0.0292238,
0.0291522,
0.0290811,
0.0290107,
0.0289409,
0.0288718,
0.0288034,
0.0287359,
0.0286692,
0.0286034,
0.0285385,
0.0284746,
0.0284117,
0.0283499,
0.0282891,
0.0282294,
0.0281708,
0.0281134,
0.0280572,
0.0280021,
0.0279482,
0.0278953,
0.0278436,
0.0277927,
0.0277427,
0.0276933,
0.0276444,
0.0275957,
0.027547,
0.0274981,
0.0274486,
0.0273984,
0.0273473,
0.0272952,
0.0272422,
0.0271883,
0.0271335,
0.027078,
0.0270218,
0.0269651,
0.0269079,
0.0268504,
0.0267925,
0.0267345,
0.0266763,
0.026618,
0.0265597,
0.0265014,
0.0264431,
0.0263849,
0.0263268,
0.0262688,
0.0262109,
0.0261533,
0.0260958,
0.0260385,
0.0259814,
0.0259245,
0.0258679,
0.0258116,
0.0257554,
0.0256996,
0.025644,
0.0255887,
0.0255336,
0.0254788,
0.0254243,
0.02537,
0.025316,
0.0252622,
0.0252087,
0.0251554,
0.0251023,
0.0250495,
0.0249969,
0.0249444,
0.0248922,
0.0248402,
0.0247883,
0.0247367,
0.0246852,
0.0246338,
0.0245827,
0.0245316,
0.0244807,
0.0244298,
0.0243791,
0.0243285,
0.0242779,
0.0242273,
0.0241769,
0.0241264,
0.024076,
0.0240256,
0.0239753,
0.023925,
0.0238747,
0.0238245,
0.0237744,
0.0237243,
0.0236743,
0.0236243,
0.0235744,
0.0235244,
0.0234746,
0.0234247,
0.023375,
0.0233255,
0.0232762,
0.0232274,
0.0231791,
0.0231315,
0.0230847,
0.0230388,
0.0229936,
0.0229493,
0.0229057,
0.0228629,
0.0228207,
0.0227791,
0.022738,
0.0226973,
0.0226571,
0.0226173,
0.0225778,
0.0225387,
0.0225,
0.0224615,
0.0224234,
0.0223857,
0.0223483,
0.0223113,
0.0222747,
0.0222384,
0.0222024,
0.0221669,
0.0221317,
0.0220968,
0.0220623,
0.0220281,
0.0219943,
0.0219608,
0.0219275,
0.0218946,
0.021862,
0.0218297,
0.0217976,


Test errors: 
0.318067,
0.271075,
0.255004,
0.182814,
0.158724,
0.158406,
0.156681,
0.154456,
0.151735,
0.148951,
0.14689,
0.145692,
0.144781,
0.14387,
0.142746,
0.141419,
0.140081,
0.138835,
0.137718,
0.136739,
0.135876,
0.135094,
0.134356,
0.13364,
0.132925,
0.132201,
0.131467,
0.130726,
0.129984,
0.129244,
0.128506,
0.127767,
0.127024,
0.126277,
0.125523,
0.124763,
0.123999,
0.123232,
0.122464,
0.121695,
0.120924,
0.120147,
0.119362,
0.118566,
0.117757,
0.116937,
0.116107,
0.115271,
0.114429,
0.113581,
0.112728,
0.111872,
0.111015,
0.110155,
0.109297,
0.108441,
0.107589,
0.106744,
0.105905,
0.105072,
0.104244,
0.103423,
0.102607,
0.101799,
0.101001,
0.100214,
0.0994405,
0.0986802,
0.0979326,
0.0971967,
0.0964711,
0.0957544,
0.0950455,
0.0943437,
0.0936484,
0.0929595,
0.092277,
0.0916012,
0.0909325,
0.0902712,
0.0896176,
0.0889718,
0.0883338,
0.0877037,
0.0870812,
0.0864663,
0.0858591,
0.0852597,
0.0846682,
0.0840851,
0.0835108,
0.0829455,
0.0823897,
0.0818435,
0.0813073,
0.0807809,
0.0802644,
0.0797575,
0.0792599,
0.0787713,
0.0782913,
0.0778198,
0.0773566,
0.0769015,
0.0764544,
0.076015,
0.0755831,
0.0751585,
0.0747408,
0.0743299,
0.0739257,
0.0735281,
0.073137,
0.0727524,
0.0723743,
0.0720026,
0.0716375,
0.0712787,
0.0709262,
0.0705796,
0.0702387,
0.0699032,
0.0695725,
0.0692465,
0.0689247,
0.0686069,
0.0682929,
0.0679824,
0.0676753,
0.0673716,
0.0670711,
0.0667738,
0.0664798,
0.066189,
0.0659016,
0.0656177,
0.0653375,
0.0650613,
0.0647893,
0.0645218,
0.0642592,
0.0640016,
0.0637493,
0.0635025,
0.0632614,
0.063026,
0.0627963,
0.0625724,
0.0623541,
0.0621415,
0.0619344,
0.0617327,
0.0615362,
0.0613447,
0.061158,
0.0609759,
0.0607981,
0.0606244,
0.0604546,
0.0602883,
0.0601253,
0.0599652,
0.0598079,
0.0596532,
0.059501,
0.0593513,
0.0592044,
0.0590601,
0.0589186,
0.0587801,
0.0586445,
0.0585119,
0.0583823,
0.0582557,
0.0581319,
0.0580111,
0.0578929,
0.0577775,
0.0576646,
0.0575543,
0.0574465,
0.0573413,
0.0572386,
0.0571384,
0.0570409,
0.056946,
0.0568539,
0.0567643,
0.0566775,
0.0565932,
0.0565115,
0.0564321,
0.0563551,
0.0562803,
0.0562075,
0.0561367,
0.0560677,
0.0560003,
0.0559345,
0.0558701,
0.055807,
0.0557453,
0.0556847,
0.0556254,
0.0555671,
0.0555101,
0.0554541,
0.0553994,
0.0553457,
0.0552932,
0.0552418,
0.0551916,
0.0551424,
0.0550944,
0.0550473,
0.0550012,
0.054956,
0.0549117,
0.0548683,
0.0548256,
0.0547836,
0.0547424,
0.0547019,
0.0546619,
0.0546226,
0.0545839,
0.0545457,
0.054508,
0.0544708,
0.054434,
0.0543977,
0.0543619,
0.0543265,
0.0542915,
0.054257,
0.054223,
0.0541896,
0.0541566,
0.0541242,
0.0540924,
0.0540612,
0.0540306,
0.0540007,
0.0539713,
0.0539426,
0.0539146,
0.0538872,
0.0538605,
0.0538344,
0.053809,
0.0537843,
0.0537602,
0.053737,
0.0537144,
0.0536927,
0.0536719,
0.053652,
0.053633,
0.0536151,
0.0535982,
0.0535824,
0.0535678,
0.0535542,
0.0535416,
0.05353,
0.0535193,
0.0535093,
0.0535,
0.0534912,
0.0534829,
0.0534749,
0.0534671,
0.0534596,
0.0534523,
0.0534451,
0.0534379,
0.0534309,
0.0534239,
0.053417,
0.0534101,
0.0534033,
0.0533964,
0.0533896,
0.0533827,
0.0533758,
0.0533688,
0.0533617,
0.0533544,
0.053347,
0.0533393,
0.0533314,
0.0533232,
0.0533147,
0.0533058,
0.0532966,
0.0532869,
0.0532769,
0.0532665,
0.0532556,
0.0532444,
0.0532327,
0.0532205,
0.0532079,
0.0531949,
0.0531815,
0.0531677,
0.0531535,
0.053139,
0.0531241,
0.053109,
0.0530938,
0.0530784,
0.053063,
0.0530477,
0.0530324,
0.0530174,
0.0530027,
0.0529883,
0.0529743,
0.0529608,
0.0529477,
0.0529351,
0.052923,
0.0529114,
0.0529003,
0.0528896,
0.0528795,
0.0528697,
0.0528604,
0.0528513,
0.0528426,
0.0528341,
0.0528259,
0.0528178,
0.05281,
0.0528023,
0.0527947,
0.0527872,
0.0527798,
0.0527723,
0.0527649,
0.0527573,
0.0527496,
0.0527418,
0.0527338,
0.0527257,
0.0527174,
0.0527089,
0.0527003,
0.0526916,
0.0526828,
0.0526738,
0.0526648,
0.0526558,
0.0526467,
0.0526376,
0.0526285,
0.0526194,
0.0526103,
0.0526012,
0.0525921,
0.0525831,
0.052574,
0.052565,
0.0525559,
0.0525468,
0.0525376,
0.0525283,
0.0525188,
0.0525092,
0.0524994,
0.0524894,
0.0524792,
0.0524688,
0.0524581,
0.0524473,
0.0524364,
0.0524254,
0.0524144,
0.0524034,
0.0523927,
0.0523821,
0.0523718,
0.0523619,
0.0523523,
0.052343,
0.0523342,
0.0523256,
0.0523175,
0.0523097,
0.0523022,
0.0522951,
0.0522883,
0.052282,
0.0522761,
0.0522706,
0.0522656,
0.052261,
0.0522569,
0.0522532,
0.0522499,
0.052247,
0.0522444,
0.0522421,
0.05224,
0.0522381,
0.0522363,
0.0522347,
0.052233,
0.0522314,
0.0522298,
0.0522281,
0.0522264,
0.0522245,
0.0522226,
0.0522205,
0.0522183,
0.0522161,
0.0522137,
0.0522112,
0.0522087,
0.052206,
0.0522034,
0.0522007,
0.0521979,
0.0521952,
0.0521925,
0.0521897,
0.0521871,
0.0521844,
0.0521819,
0.0521794,
0.052177,
0.0521747,
0.0521725,
0.0521704,
0.0521684,
0.0521666,
0.0521648,
0.0521632,
0.0521618,
0.0521605,
0.0521594,
0.0521585,
0.0521578,
0.0521573,
0.0521569,
0.0521568,
0.052157,
0.0521573,
0.0521579,
0.0521586,
0.0521596,
0.0521607,
0.052162,
0.0521634,
0.0521649,
0.0521665,
0.0521681,
0.0521698,
0.0521715,
0.052173,
0.0521745,
0.0521758,
0.0521769,
0.0521777,
0.0521782,
0.0521784,
0.0521781,
0.0521775,
0.0521765,
0.0521751,
0.0521734,
0.0521715,
0.0521693,
0.0521669,
0.0521645,
0.0521619,
0.0521594,
0.0521568,
0.0521544,
0.0521519,
0.0521496,
0.0521474,
0.0521453,
0.0521434,
0.0521416,
0.05214,
0.0521386,
0.0521374,
0.0521364,
0.0521357,
0.0521351,
0.0521349,
0.0521348,
0.0521351,
0.0521355,
0.0521363,
0.0521373,
0.0521386,
