FINAL REPORT
************
Train error (Mean +- SD): 0.394759 +- 0.000357429
Test error (Mean +- SD): 0.400172 +- 0.00102861
Train CCR (Mean +- SD): 0.55 +- 0.01
Test CCR (Mean +- SD): 0.55 +- 0.01
CONVERGENCE DATA
****************


Iterations: 
1,
2,
3,
4,
5,
6,
7,
8,
9,
10,
11,
12,
13,
14,
15,
16,
17,
18,
19,
20,
21,
22,
23,
24,
25,
26,
27,
28,
29,
30,
31,
32,
33,
34,
35,
36,
37,
38,
39,
40,
41,
42,
43,
44,
45,
46,
47,
48,
49,
50,
51,
52,
53,
54,
55,
56,
57,
58,
59,
60,
61,
62,
63,
64,
65,
66,
67,
68,
69,
70,
71,
72,
73,
74,
75,
76,
77,
78,
79,
80,
81,
82,
83,
84,
85,
86,
87,
88,
89,
90,
91,
92,
93,
94,
95,
96,
97,
98,
99,
100,
101,
102,
103,
104,
105,
106,
107,
108,
109,
110,
111,
112,
113,
114,
115,
116,
117,
118,
119,
120,
121,
122,
123,
124,
125,
126,
127,
128,
129,
130,
131,
132,
133,
134,
135,
136,
137,
138,
139,
140,
141,
142,
143,
144,
145,
146,
147,
148,
149,
150,
151,
152,
153,
154,
155,
156,
157,
158,
159,
160,
161,
162,
163,
164,
165,
166,
167,
168,
169,
170,
171,
172,
173,
174,
175,
176,
177,
178,
179,
180,
181,
182,
183,
184,
185,
186,
187,
188,
189,
190,
191,
192,
193,
194,
195,
196,
197,
198,
199,
200,
201,
202,
203,
204,
205,
206,
207,
208,
209,
210,
211,
212,
213,
214,
215,
216,
217,
218,
219,
220,
221,
222,
223,
224,
225,
226,
227,
228,
229,
230,
231,
232,
233,
234,
235,
236,
237,
238,
239,
240,
241,
242,
243,
244,
245,
246,
247,
248,
249,
250,
251,
252,
253,
254,
255,
256,
257,
258,
259,
260,
261,
262,
263,
264,
265,
266,
267,
268,
269,
270,
271,
272,
273,
274,
275,
276,
277,
278,
279,
280,
281,
282,
283,
284,
285,
286,
287,
288,
289,
290,
291,
292,
293,
294,
295,
296,
297,
298,
299,
300,
301,
302,
303,
304,
305,
306,
307,
308,
309,
310,
311,
312,
313,
314,
315,
316,
317,
318,
319,
320,
321,
322,
323,
324,
325,
326,
327,
328,
329,
330,
331,
332,
333,
334,
335,
336,
337,
338,
339,
340,
341,
342,
343,
344,
345,
346,
347,
348,
349,
350,
351,
352,
353,
354,
355,
356,
357,
358,
359,
360,
361,
362,
363,
364,
365,
366,
367,
368,
369,
370,
371,
372,
373,
374,
375,
376,
377,
378,
379,
380,
381,
382,
383,
384,
385,
386,
387,
388,
389,
390,
391,
392,
393,
394,
395,
396,
397,
398,
399,
400,
401,
402,
403,
404,
405,
406,
407,
408,
409,
410,
411,
412,
413,
414,
415,
416,
417,
418,
419,
420,
421,
422,
423,
424,
425,
426,
427,
428,
429,
430,
431,
432,
433,
434,
435,
436,
437,
438,
439,
440,
441,
442,
443,
444,
445,
446,
447,
448,
449,
450,
451,
452,
453,
454,
455,
456,
457,
458,
459,
460,
461,
462,
463,
464,
465,
466,
467,
468,
469,
470,
471,
472,
473,
474,
475,
476,
477,
478,
479,
480,
481,
482,
483,
484,
485,
486,
487,
488,
489,
490,
491,
492,
493,
494,
495,
496,
497,
498,
499,
500,
501,
502,
503,
504,
505,
506,
507,
508,
509,
510,
511,
512,
513,
514,
515,
516,
517,
518,
519,
520,
521,
522,
523,
524,
525,
526,
527,
528,
529,
530,
531,
532,
533,
534,
535,
536,
537,
538,
539,
540,
541,
542,
543,
544,
545,
546,
547,
548,
549,
550,
551,
552,
553,
554,
555,
556,
557,
558,
559,
560,
561,
562,
563,
564,
565,
566,
567,
568,
569,
570,
571,
572,
573,
574,
575,
576,
577,
578,
579,
580,
581,
582,
583,
584,
585,
586,
587,
588,
589,
590,
591,
592,
593,
594,
595,
596,
597,
598,
599,
600,
601,
602,
603,
604,
605,
606,
607,
608,
609,
610,
611,
612,
613,
614,
615,
616,
617,
618,
619,
620,
621,
622,
623,
624,
625,
626,
627,
628,
629,
630,
631,
632,
633,
634,
635,
636,
637,
638,
639,
640,
641,
642,
643,
644,
645,
646,
647,
648,
649,
650,
651,
652,
653,
654,
655,
656,
657,
658,
659,
660,
661,
662,
663,
664,
665,
666,
667,
668,
669,
670,
671,
672,
673,
674,
675,
676,
677,
678,
679,
680,
681,
682,
683,
684,
685,
686,
687,
688,
689,
690,
691,
692,
693,
694,
695,
696,
697,
698,
699,
700,
701,
702,
703,
704,
705,
706,
707,
708,
709,
710,
711,
712,
713,
714,
715,
716,
717,
718,
719,
720,
721,
722,
723,
724,
725,
726,
727,
728,
729,
730,
731,
732,
733,
734,
735,
736,
737,
738,
739,
740,
741,
742,
743,
744,
745,
746,
747,
748,
749,
750,
751,
752,
753,
754,
755,
756,
757,
758,
759,
760,
761,
762,
763,
764,
765,
766,
767,
768,
769,
770,
771,
772,
773,
774,
775,
776,
777,
778,
779,
780,
781,
782,
783,
784,
785,
786,
787,
788,
789,
790,
791,
792,
793,
794,
795,
796,
797,
798,
799,
800,
801,
802,
803,
804,
805,
806,
807,
808,
809,
810,
811,
812,
813,
814,
815,
816,
817,
818,
819,
820,
821,
822,
823,
824,
825,
826,
827,
828,
829,
830,
831,
832,
833,
834,
835,
836,
837,
838,
839,
840,
841,
842,
843,
844,
845,
846,
847,
848,
849,
850,
851,
852,
853,
854,
855,
856,
857,
858,
859,
860,
861,
862,
863,
864,
865,
866,
867,
868,
869,
870,
871,
872,
873,
874,
875,
876,
877,
878,
879,
880,
881,
882,
883,
884,
885,
886,
887,
888,
889,
890,
891,
892,
893,
894,
895,
896,
897,
898,
899,
900,
901,
902,
903,
904,
905,
906,
907,
908,
909,
910,
911,
912,
913,
914,
915,
916,
917,
918,
919,
920,
921,
922,
923,
924,
925,
926,
927,
928,
929,
930,
931,
932,
933,
934,
935,
936,
937,
938,
939,
940,
941,
942,
943,
944,
945,
946,
947,
948,
949,
950,
951,
952,
953,
954,
955,
956,
957,
958,
959,
960,
961,
962,
963,
964,
965,
966,
967,
968,
969,
970,
971,
972,
973,
974,
975,
976,
977,
978,
979,
980,
981,
982,
983,
984,
985,
986,
987,
988,
989,
990,
991,
992,
993,
994,
995,
996,
997,
998,
999,
1000,


Train errors: 
0.496605,
0.488089,
0.492743,
0.499888,
0.499886,
0.499883,
0.499881,
0.499878,
0.499876,
0.499873,
0.49987,
0.499867,
0.499863,
0.49986,
0.499856,
0.499853,
0.499849,
0.499844,
0.49984,
0.499835,
0.49983,
0.499824,
0.499819,
0.499812,
0.499806,
0.499798,
0.499791,
0.499782,
0.499773,
0.499763,
0.499752,
0.499739,
0.499726,
0.49971,
0.499693,
0.499673,
0.49965,
0.499624,
0.499593,
0.499555,
0.49951,
0.499452,
0.499379,
0.49928,
0.499142,
0.498934,
0.498587,
0.497914,
0.496165,
0.487295,
0.411429,
0.475376,
0.479641,
0.499674,
0.499636,
0.499597,
0.499548,
0.499485,
0.499401,
0.499282,
0.499105,
0.498813,
0.498258,
0.496901,
0.491203,
0.40997,
0.413451,
0.39814,
0.499763,
0.499749,
0.499734,
0.499716,
0.499696,
0.499672,
0.499644,
0.499609,
0.499567,
0.499514,
0.499446,
0.499353,
0.499222,
0.499023,
0.498691,
0.498037,
0.496313,
0.487057,
0.46418,
0.499908,
0.499899,
0.499897,
0.499896,
0.499894,
0.499892,
0.49989,
0.499888,
0.499886,
0.499884,
0.499882,
0.499879,
0.499877,
0.499874,
0.499872,
0.499869,
0.499866,
0.499863,
0.49986,
0.499857,
0.499853,
0.49985,
0.499846,
0.499842,
0.499838,
0.499833,
0.499829,
0.499824,
0.499818,
0.499813,
0.499807,
0.371772,
0.499238,
0.498967,
0.498404,
0.496684,
0.480201,
0.470766,
0.499295,
0.499114,
0.498797,
0.498114,
0.495813,
0.461821,
0.499822,
0.499808,
0.499792,
0.499772,
0.499749,
0.49972,
0.499684,
0.499637,
0.499574,
0.499485,
0.499352,
0.499129,
0.498697,
0.497566,
0.491263,
0.387167,
0.452364,
0.497417,
0.49999,
0.49999,
0.49999,
0.49999,
0.49999,
0.49999,
0.49999,
0.49999,
0.49999,
0.49999,
0.49999,
0.49999,
0.49999,
0.49999,
0.49999,
0.49999,
0.49999,
0.49999,
0.49999,
0.49999,
0.477563,
0.467917,
0.498805,
0.495116,
0.459245,
0.498274,
0.496843,
0.488084,
0.497394,
0.42653,
0.498854,
0.498452,
0.497584,
0.494569,
0.470462,
0.499032,
0.498661,
0.497881,
0.495168,
0.458705,
0.49956,
0.499477,
0.499357,
0.499169,
0.498843,
0.49816,
0.496143,
0.482318,
0.498337,
0.499995,
0.499995,
0.499995,
0.499995,
0.499995,
0.499995,
0.499995,
0.499995,
0.499995,
0.499995,
0.499995,
0.499995,
0.499995,
0.499995,
0.499995,
0.499995,
0.499995,
0.499995,
0.499995,
0.499995,
0.499995,
0.499995,
0.499995,
0.499995,
0.499995,
0.499995,
0.499995,
0.499995,
0.499995,
0.499995,
0.499995,
0.436519,
0.379624,
0.456308,
0.499944,
0.499943,
0.499942,
0.499941,
0.499941,
0.49994,
0.499939,
0.499938,
0.499937,
0.499936,
0.499935,
0.499934,
0.499933,
0.499932,
0.499931,
0.49993,
0.499929,
0.499928,
0.499927,
0.499926,
0.499924,
0.499923,
0.499922,
0.49992,
0.499919,
0.499917,
0.499916,
0.499914,
0.499912,
0.499911,
0.499909,
0.499907,
0.499905,
0.499902,
0.4999,
0.499898,
0.499895,
0.499893,
0.49989,
0.499887,
0.499884,
0.499881,
0.499877,
0.499874,
0.49987,
0.499866,
0.499861,
0.499856,
0.499851,
0.498554,
0.496541,
0.476308,
0.499892,
0.499192,
0.498846,
0.49805,
0.494901,
0.397732,
0.497244,
0.488202,
0.498039,
0.499998,
0.499998,
0.499998,
0.499998,
0.499998,
0.499998,
0.499998,
0.499998,
0.499998,
0.499998,
0.499998,
0.499998,
0.499998,
0.499998,
0.499998,
0.499998,
0.499998,
0.499998,
0.499998,
0.499998,
0.499998,
0.499998,
0.499998,
0.499998,
0.499998,
0.499998,
0.499998,
0.499998,
0.499998,
0.499998,
0.499998,
0.499998,
0.499998,
0.499998,
0.499998,
0.499998,
0.499998,
0.499998,
0.499998,
0.499998,
0.499998,
0.499998,
0.499998,
0.499998,
0.499998,
0.499998,
0.499998,
0,
0,
0,
0,
0,
0,
0,
0,
0,
0,
0,
0,
0,
0,
0,
0,
0,
0,
0,
0,
0,
0,
0,
0,
0,
0,
0,
0,
0,
0,
0,
0,
0,
0,
0,
0,
0,
0,
0,
0,
0,
0,
0,
0,
0,
0,
0,
0,
0,
0,
0,
0,
0,
0,
0,
0,
0,
0,
0,
0,
0,
0,
0,
0,
0,
0,
0,
0,
0,
0,
0,
0,
0,
0,
0,
0,
0,
0,
0,
0,
0,
0,
0,
0,
0,
0,
0,
0,
0,
0,
0,
0,
0,
0,
0,
0,
0,
0,
0,
0,
0,
0,
0,
0,
0,
0,
0,
0,
0,
0,
0,
0,
0,
0,
0,
0,
0,
0,
0,
0,
0,
0,
0,
0,
0,
0,
0,
0,
0,
0,
0,
0,
0,
0,
0,
0,
0,
0,
0,
0,
0,
0,
0,
0,
0,
0,
0,
0,
0,
0,
0,
0,
0,
0,
0,
0,
0,
0,
0,
0,
0,
0,
0,
0,
0,
0,
0,
0,
0,
0,
0,
0,
0,
2.03209e-320,
-nan,
-nan,
-nan,
-nan,
-nan,
-nan,
-nan,
-nan,
-nan,
-nan,
-nan,
-nan,
-nan,
-nan,
-nan,
-nan,
-nan,
-nan,
-nan,
-nan,
-nan,
-nan,
-nan,
-nan,
-nan,
-nan,
-nan,
-nan,
-nan,
-nan,
-nan,
-nan,
-nan,
-nan,
-nan,
-nan,
-nan,
-nan,
-nan,
-nan,
-nan,
-nan,
-nan,
-nan,
-nan,
-nan,
-nan,
-nan,
-nan,
-nan,
-nan,
-nan,
-nan,
-nan,
-nan,
-nan,
-nan,
-nan,
-nan,
-nan,
-nan,
-nan,
-nan,
-nan,
-nan,
-nan,
-nan,
-nan,
-nan,
-nan,
-nan,
-nan,
-nan,
-nan,
-nan,
-nan,
-nan,
-nan,
-nan,
-nan,
-nan,
-nan,
-nan,
-nan,
-nan,
-nan,
-nan,
-nan,
-nan,
-nan,
-nan,
-nan,
-nan,
-nan,
-nan,
-nan,
-nan,
-nan,
-nan,
-nan,
-nan,
-nan,
-nan,
-nan,
-nan,
-nan,
-nan,
-nan,
-nan,
-nan,
-nan,
-nan,
-nan,
-nan,
-nan,
-nan,
-nan,
-nan,
-nan,
-nan,
-nan,
-nan,
-nan,
-nan,
-nan,
-nan,
-nan,
-nan,
-nan,
-nan,
-nan,
-nan,
-nan,
-nan,
-nan,
-nan,
-nan,
-nan,
-nan,
-nan,
-nan,
-nan,
-nan,
-nan,
-nan,
-nan,
-nan,
-nan,
-nan,
-nan,
-nan,
-nan,
-nan,
-nan,
-nan,
-nan,
-nan,
-nan,
-nan,
-nan,
-nan,
-nan,
-nan,
-nan,
-nan,
-nan,
-nan,
-nan,
-nan,
-nan,
-nan,
-nan,
-nan,
-nan,
-nan,
-nan,
-nan,
-nan,
-nan,
-nan,
-nan,
-nan,
-nan,
-nan,
-nan,
-nan,
-nan,
-nan,
-nan,
-nan,
-nan,
-nan,
-nan,
-nan,
-nan,
-nan,
-nan,
-nan,
-nan,
-nan,
-nan,
-nan,
-nan,
-nan,
-nan,
-nan,
-nan,
-nan,
-nan,
-nan,
-nan,
-nan,
-nan,
-nan,
-nan,
-nan,
-nan,
-nan,
-nan,
-nan,
-nan,
-nan,
-nan,
-nan,
-nan,
-nan,
-nan,
-nan,
-nan,
-nan,
-nan,
-nan,
-nan,
-nan,
-nan,
-nan,
-nan,
-nan,
-nan,
-nan,
-nan,
-nan,
-nan,
-nan,
-nan,
-nan,
-nan,
-nan,
-nan,
-nan,
-nan,
-nan,
-nan,
-nan,
-nan,
-nan,
-nan,
-nan,
-nan,
-nan,
-nan,
-nan,
-nan,
-nan,
-nan,
-nan,
-nan,
-nan,
-nan,
-nan,
-nan,
-nan,
-nan,
-nan,
-nan,
-nan,
-nan,
-nan,
-nan,
-nan,
-nan,
-nan,
-nan,
-nan,
-nan,
-nan,
-nan,
-nan,
-nan,
-nan,
-nan,
-nan,
-nan,
-nan,
-nan,
-nan,
-nan,
-nan,
-nan,
-nan,
-nan,
-nan,
-nan,
-nan,
-nan,
-nan,
-nan,
-nan,
-nan,
-nan,
-nan,
-nan,
-nan,
-nan,
-nan,
-nan,
-nan,
-nan,
-nan,
-nan,
-nan,
-nan,
-nan,
-nan,
-nan,
-nan,
-nan,
-nan,
-nan,
-nan,
-nan,
-nan,
-nan,
-nan,
-nan,
-nan,
-nan,
-nan,
-nan,
-nan,
0,
0,
0,
0,
0,
0,
0,
0,
0,
0,
0,
0,
0,
0,
0,
0,
0,
0,
0,
0,
0,
0,
0,
0,
0,
0,
0,
0,
0,
0,
0,
0,
0,
0,
0,
0,
0,
0,
0,
0,
0,
0,
0,
0,
0,
0,
0,
0,
0,
0,
0,
0,
0,
0,
0,
0,
0,
0,
0,
0,
0,
0,
0,
0,
0,
0,
0,
0,
0,
0,
0,
0,
0,
0,
0,
0,
0,
0,
0,
0,
0,
0,
0,
0,
0,
0,
0,
0,
0,
0,
0,
0,
0,
0,
0,
0,
0,
0,
0,
0,
0,
0,
0,
0,
0,
0,
0,
0,
0,
0,
0,
0,
0,
0,
0,
0,
0,
0,
0,
0,
0,
0,
0,
0,
0,
0,
0,
0,
0,
0,
0,
0,
0,
0,
0,
0,
0,
0,
0,
0,
0,
0,
0,
0,
0,
0,


Test errors: 
-nan,
-nan,
-nan,
-nan,
-nan,
-nan,
-nan,
-nan,
-nan,
-nan,
-nan,
-nan,
-nan,
-nan,
-nan,
-nan,
-nan,
-nan,
-nan,
-nan,
-nan,
-nan,
-nan,
-nan,
-nan,
-nan,
-nan,
-nan,
-nan,
-nan,
-nan,
-nan,
-nan,
-nan,
-nan,
-nan,
-nan,
-nan,
-nan,
-nan,
-nan,
-nan,
-nan,
-nan,
-nan,
-nan,
-nan,
-nan,
-nan,
-nan,
-nan,
-nan,
-nan,
-nan,
-nan,
-nan,
-nan,
-nan,
-nan,
-nan,
-nan,
-nan,
-nan,
-nan,
-nan,
-nan,
-nan,
-nan,
-nan,
-nan,
-nan,
-nan,
-nan,
-nan,
-nan,
-nan,
-nan,
-nan,
-nan,
-nan,
-nan,
-nan,
-nan,
-nan,
-nan,
-nan,
-nan,
-nan,
-nan,
-nan,
-nan,
-nan,
-nan,
-nan,
-nan,
-nan,
-nan,
-nan,
-nan,
-nan,
-nan,
-nan,
-nan,
-nan,
-nan,
-nan,
-nan,
-nan,
-nan,
-nan,
-nan,
-nan,
-nan,
-nan,
-nan,
-nan,
-nan,
-nan,
-nan,
-nan,
-nan,
-nan,
-nan,
-nan,
-nan,
-nan,
-nan,
-nan,
-nan,
-nan,
-nan,
-nan,
-nan,
-nan,
-nan,
-nan,
-nan,
-nan,
-nan,
-nan,
-nan,
-nan,
-nan,
-nan,
-nan,
-nan,
-nan,
-nan,
-nan,
-nan,
-nan,
-nan,
-nan,
-nan,
-nan,
-nan,
-nan,
-nan,
-nan,
-nan,
-nan,
-nan,
-nan,
-nan,
-nan,
-nan,
-nan,
-nan,
-nan,
-nan,
-nan,
-nan,
-nan,
-nan,
-nan,
-nan,
-nan,
-nan,
-nan,
-nan,
-nan,
-nan,
-nan,
-nan,
-nan,
-nan,
-nan,
-nan,
-nan,
-nan,
-nan,
-nan,
-nan,
-nan,
-nan,
-nan,
-nan,
-nan,
-nan,
-nan,
-nan,
-nan,
-nan,
-nan,
-nan,
-nan,
-nan,
-nan,
-nan,
-nan,
-nan,
-nan,
-nan,
-nan,
-nan,
-nan,
-nan,
-nan,
-nan,
-nan,
-nan,
-nan,
-nan,
-nan,
-nan,
-nan,
-nan,
-nan,
-nan,
-nan,
-nan,
-nan,
-nan,
-nan,
-nan,
-nan,
-nan,
-nan,
-nan,
-nan,
-nan,
-nan,
-nan,
-nan,
-nan,
-nan,
-nan,
-nan,
-nan,
-nan,
-nan,
-nan,
-nan,
-nan,
-nan,
-nan,
-nan,
-nan,
-nan,
-nan,
-nan,
-nan,
-nan,
-nan,
-nan,
-nan,
-nan,
-nan,
-nan,
-nan,
-nan,
-nan,
-nan,
-nan,
-nan,
-nan,
-nan,
-nan,
-nan,
-nan,
-nan,
-nan,
-nan,
-nan,
-nan,
-nan,
-nan,
-nan,
-nan,
-nan,
-nan,
-nan,
-nan,
-nan,
-nan,
-nan,
-nan,
-nan,
-nan,
-nan,
-nan,
-nan,
-nan,
-nan,
-nan,
-nan,
-nan,
-nan,
-nan,
-nan,
-nan,
-nan,
-nan,
-nan,
-nan,
-nan,
-nan,
-nan,
-nan,
-nan,
-nan,
-nan,
-nan,
-nan,
-nan,
-nan,
-nan,
-nan,
-nan,
-nan,
-nan,
-nan,
-nan,
-nan,
-nan,
-nan,
-nan,
-nan,
-nan,
-nan,
0,
0,
0,
0,
0,
0,
0,
0,
0,
0,
0,
0,
0,
0,
0,
0,
0,
0,
0,
0,
0,
0,
0,
0,
0,
0,
0,
0,
0,
0,
0,
0,
0,
0,
0,
0,
0,
0,
0,
0,
0,
0,
0,
0,
0,
0,
0,
0,
0,
0,
0,
0,
0,
0,
0,
0,
0,
0,
0,
0,
0,
0,
0,
0,
0,
0,
0,
0,
0,
0,
0,
0,
0,
0,
0,
0,
0,
0,
0,
0,
0,
0,
0,
0,
0,
0,
0,
0,
0,
0,
0,
0,
0,
0,
0,
0,
0,
0,
0,
0,
0,
0,
0,
0,
0,
0,
0,
0,
0,
0,
0,
0,
0,
0,
0,
0,
0,
0,
0,
0,
0,
0,
0,
0,
0,
0,
0,
0,
0,
0,
0,
0,
0,
0,
0,
0,
0,
0,
0,
0,
0,
0,
0,
0,
0,
0,
0,
0,
0,
0,
0,
0,
0,
0,
0,
0,
0,
0,
0,
0,
0,
0,
0,
0,
0,
0,
0,
0,
0,
0,
0,
0,
0,
4.05578e-320,
4.85786e-33,
3.88661e-33,
3.22521e-86,
1.14711e-259,
7.41253e-38,
4.85786e-33,
3.88661e-33,
3.22521e-86,
1.14711e-259,
7.41253e-38,
1.14581e-259,
7.50929e-96,
2.82539e-77,
1.14581e-259,
7.50929e-96,
2.82539e-77,
1.14581e-259,
7.50929e-96,
2.82539e-77,
1.14581e-259,
7.50929e-96,
2.82539e-77,
1.14581e-259,
7.50929e-96,
2.82539e-77,
1.14581e-259,
7.50929e-96,
2.82539e-77,
1.14581e-259,
7.50929e-96,
2.82539e-77,
1.14581e-259,
7.50929e-96,
2.82539e-77,
1.14581e-259,
7.50929e-96,
2.82539e-77,
1.14581e-259,
7.50929e-96,
2.82539e-77,
1.14581e-259,
7.50929e-96,
2.82539e-77,
1.14581e-259,
7.50929e-96,
2.82539e-77,
1.14581e-259,
7.50929e-96,
2.82539e-77,
1.14581e-259,
7.50929e-96,
2.82539e-77,
1.14581e-259,
7.50929e-96,
2.82539e-77,
1.14581e-259,
7.50929e-96,
2.82539e-77,
1.14581e-259,
7.50929e-96,
2.82539e-77,
1.14581e-259,
7.50929e-96,
2.82539e-77,
1.14581e-259,
7.50929e-96,
2.82539e-77,
1.14581e-259,
7.50929e-96,
2.82539e-77,
1.14581e-259,
7.50929e-96,
2.82539e-77,
1.14581e-259,
7.50929e-96,
3.11925e-33,
1.00378e-91,
2.12123e+161,
1.13786e-94,
1.00382e-91,
2.12123e+161,
1.13786e-94,
1.00382e-91,
2.12123e+161,
1.13786e-94,
1.00382e-91,
2.12123e+161,
1.13786e-94,
1.00382e-91,
2.12123e+161,
1.13786e-94,
1.00382e-91,
2.12123e+161,
1.13786e-94,
1.00382e-91,
2.12123e+161,
1.13786e-94,
1.00382e-91,
2.12123e+161,
1.13786e-94,
1.00382e-91,
2.12123e+161,
1.13786e-94,
1.00382e-91,
2.12123e+161,
1.13786e-94,
1.00382e-91,
2.12123e+161,
1.13786e-94,
1.00382e-91,
2.12123e+161,
1.13786e-94,
1.00382e-91,
2.12123e+161,
1.13786e-94,
1.00382e-91,
2.12123e+161,
1.13786e-94,
1.00382e-91,
2.12123e+161,
1.13786e-94,
1.00382e-91,
2.12123e+161,
1.13786e-94,
1.00382e-91,
2.12123e+161,
1.13786e-94,
1.00382e-91,
2.12123e+161,
1.13786e-94,
1.00382e-91,
2.12123e+161,
1.13786e-94,
1.00382e-91,
2.12123e+161,
1.13786e-94,
1.00382e-91,
2.12123e+161,
1.13786e-94,
1.00382e-91,
2.12123e+161,
1.13786e-94,
1.00382e-91,
2.12123e+161,
1.13786e-94,
1.00382e-91,
2.12123e+161,
1.13786e-94,
1.00382e-91,
2.12123e+161,
1.13786e-94,
1.00382e-91,
2.12123e+161,
1.13786e-94,
1.00382e-91,
2.12123e+161,
1.13786e-94,
1.00382e-91,
2.12123e+161,
1.13786e-94,
1.00382e-91,
2.12123e+161,
1.13786e-94,
1.00382e-91,
2.12123e+161,
1.13786e-94,
1.00382e-91,
2.12123e+161,
1.13786e-94,
1.00382e-91,
2.12123e+161,
1.13786e-94,
1.00382e-91,
2.12123e+161,
1.13786e-94,
1.00382e-91,
2.12123e+161,
1.13786e-94,
1.00382e-91,
2.12123e+161,
1.13786e-94,
1.00382e-91,
2.12123e+161,
1.13786e-94,
1.00382e-91,
2.12123e+161,
1.13786e-94,
1.00382e-91,
2.12123e+161,
1.13786e-94,
1.00382e-91,
2.12123e+161,
1.13786e-94,
1.00382e-91,
2.12123e+161,
1.13786e-94,
1.00382e-91,
2.12123e+161,
1.13786e-94,
1.00382e-91,
2.12123e+161,
1.13786e-94,
1.00382e-91,
2.12123e+161,
1.13786e-94,
1.00382e-91,
2.12123e+161,
1.13786e-94,
1.00382e-91,
2.12123e+161,
1.13786e-94,
1.00382e-91,
2.12123e+161,
1.13786e-94,
1.00382e-91,
2.12123e+161,
1.13786e-94,
1.00382e-91,
2.12123e+161,
1.13786e-94,
1.00382e-91,
2.12123e+161,
1.13786e-94,
1.00382e-91,
2.12123e+161,
1.13786e-94,
1.00382e-91,
2.12123e+161,
1.13786e-94,
1.00382e-91,
2.12123e+161,
1.13786e-94,
1.00382e-91,
2.12123e+161,
1.13786e-94,
1.00382e-91,
2.12123e+161,
1.13786e-94,
1.00382e-91,
2.12123e+161,
1.13786e-94,
1.00382e-91,
2.12123e+161,
1.13786e-94,
1.00382e-91,
2.12123e+161,
1.13786e-94,
1.00382e-91,
2.12123e+161,
1.13786e-94,
1.00382e-91,
2.12123e+161,
1.13786e-94,
1.00382e-91,
2.12123e+161,
1.13786e-94,
1.00382e-91,
2.12123e+161,
1.13786e-94,
1.00382e-91,
2.12123e+161,
1.13786e-94,
1.00382e-91,
2.12123e+161,
1.13786e-94,
1.00382e-91,
2.12123e+161,
1.13786e-94,
1.00382e-91,
2.12123e+161,
1.13786e-94,
1.00382e-91,
2.12123e+161,
1.13786e-94,
1.00382e-91,
2.12123e+161,
1.13786e-94,
1.00382e-91,
2.12123e+161,
1.13786e-94,
1.00382e-91,
2.12123e+161,
1.13786e-94,
1.00382e-91,
2.12123e+161,
1.13786e-94,
1.00382e-91,
2.12123e+161,
1.13786e-94,
1.00382e-91,
2.12123e+161,
1.13786e-94,
1.00382e-91,
2.12123e+161,
1.13786e-94,
1.00382e-91,
2.12123e+161,
1.13786e-94,
1.00382e-91,
2.12123e+161,
1.13786e-94,
1.00382e-91,
2.12123e+161,
1.13786e-94,
1.00382e-91,
2.12123e+161,
1.13786e-94,
1.00382e-91,
2.12123e+161,
1.13786e-94,
1.00382e-91,
2.12123e+161,
1.13786e-94,
1.00382e-91,
2.12123e+161,
1.13786e-94,
1.00382e-91,
2.12123e+161,
1.13786e-94,
1.00382e-91,
2.12123e+161,
1.13786e-94,
1.00382e-91,
2.12123e+161,
1.13786e-94,
1.00382e-91,
2.12123e+161,
1.13786e-94,
1.00382e-91,
2.12123e+161,
1.13786e-94,
2.82549e-77,
1.14581e-259,
7.50929e-96,
2.82539e-77,
1.14581e-259,
7.50929e-96,
2.82539e-77,
1.14581e-259,
7.50929e-96,
2.82539e-77,
1.14581e-259,
7.50929e-96,
2.82539e-77,
1.14581e-259,
7.50929e-96,
2.82539e-77,
1.14581e-259,
7.50929e-96,
2.82539e-77,
1.14581e-259,
7.50929e-96,
2.82539e-77,
1.14581e-259,
7.50929e-96,
2.82539e-77,
1.14581e-259,
7.50929e-96,
2.82539e-77,
1.14581e-259,
7.50929e-96,
2.82539e-77,
1.14581e-259,
7.50929e-96,
2.82539e-77,
1.14581e-259,
7.50929e-96,
2.82539e-77,
1.14581e-259,
7.50929e-96,
2.82539e-77,
1.14581e-259,
7.50929e-96,
2.82539e-77,
1.14581e-259,
7.50929e-96,
2.82539e-77,
1.14581e-259,
7.50929e-96,
2.82539e-77,
1.14581e-259,
7.50929e-96,
2.82539e-77,
1.14581e-259,
7.50929e-96,
2.82539e-77,
6.95243e+96,
6.99196e+228,
2.12123e+161,
1.13786e-94,
1.00382e-91,
2.12123e+161,
1.13786e-94,
1.00382e-91,
2.12123e+161,
1.13786e-94,
1.00382e-91,
2.12123e+161,
1.13786e-94,
1.00382e-91,
2.12123e+161,
1.13786e-94,
1.00382e-91,
2.12123e+161,
1.13786e-94,
1.00382e-91,
2.12123e+161,
1.13786e-94,
1.00382e-91,
2.12123e+161,
1.13786e-94,
1.00382e-91,
2.12123e+161,
1.13786e-94,
1.00382e-91,
2.12123e+161,
1.13786e-94,
1.00382e-91,
2.12123e+161,
1.13786e-94,
1.00382e-91,
2.12123e+161,
1.13786e-94,
1.00382e-91,
2.12123e+161,
1.13786e-94,
1.00382e-91,
2.12123e+161,
1.13786e-94,
1.00382e-91,
2.12123e+161,
1.13786e-94,
1.00382e-91,
2.12123e+161,
1.13786e-94,
1.00382e-91,
2.12123e+161,
1.13786e-94,
1.00382e-91,
2.12123e+161,
1.13786e-94,
1.00382e-91,
2.12123e+161,
1.13786e-94,
1.00382e-91,
2.12123e+161,
1.13786e-94,
1.00382e-91,
2.12123e+161,
1.13786e-94,
1.00382e-91,
2.12123e+161,
1.13786e-94,
1.00382e-91,
2.12123e+161,
1.13786e-94,
1.00382e-91,
2.12123e+161,
1.13786e-94,
1.00382e-91,
2.12123e+161,
1.13786e-94,
1.00382e-91,
2.12123e+161,
1.13786e-94,
1.00382e-91,
2.12123e+161,
1.13786e-94,
1.00382e-91,
2.12123e+161,
1.13786e-94,
1.00382e-91,
2.12123e+161,
1.1378e-94,
9.46792e-96,
9.35301e-67,
5.0349e-86,
1.00565e-47,
3.05686e-57,
1.85165e-72,
5.20557e-90,
1.68932e-52,
1.08651e-95,
2.31698e-52,
4.2306e-86,
2.83067e-33,
