FINAL REPORT
************
Train error (Mean +- SD): 0.198754 +- 6.70968e-06
Test error (Mean +- SD): 0.206224 +- 8.64095e-06
Train CCR (Mean +- SD): 0.722222 +- 0
Test CCR (Mean +- SD): 0.706897 +- 0
CONVERGENCE DATA
****************


Iterations: 
1,
2,
3,
4,
5,
6,
7,
8,
9,
10,
11,
12,
13,
14,
15,
16,
17,
18,
19,
20,
21,
22,
23,
24,
25,
26,
27,
28,
29,
30,
31,
32,
33,
34,
35,
36,
37,
38,
39,
40,
41,
42,
43,
44,
45,
46,
47,
48,
49,
50,
51,
52,
53,
54,
55,
56,
57,
58,
59,
60,
61,
62,
63,
64,
65,
66,
67,
68,
69,
70,
71,
72,
73,
74,
75,
76,
77,
78,
79,
80,
81,
82,
83,
84,
85,
86,
87,
88,
89,
90,
91,
92,
93,
94,
95,
96,
97,
98,
99,
100,
101,
102,
103,
104,
105,
106,
107,
108,
109,
110,
111,
112,
113,
114,
115,
116,
117,
118,
119,
120,
121,
122,
123,
124,
125,
126,
127,
128,
129,
130,
131,
132,
133,
134,
135,
136,
137,
138,
139,
140,
141,
142,
143,
144,
145,
146,
147,
148,
149,
150,
151,
152,
153,
154,
155,
156,
157,
158,
159,
160,
161,
162,
163,
164,
165,
166,
167,
168,
169,
170,
171,
172,
173,
174,
175,
176,
177,
178,
179,
180,
181,
182,
183,
184,
185,
186,
187,
188,
189,
190,
191,
192,
193,
194,
195,
196,
197,
198,
199,
200,
201,
202,
203,
204,
205,
206,
207,
208,
209,
210,
211,
212,
213,
214,
215,
216,
217,
218,
219,
220,
221,
222,
223,
224,
225,
226,
227,
228,
229,
230,
231,
232,
233,
234,
235,
236,
237,
238,
239,
240,
241,
242,
243,
244,
245,
246,
247,
248,
249,
250,
251,
252,
253,
254,
255,
256,
257,
258,
259,
260,
261,
262,
263,
264,
265,
266,
267,
268,
269,
270,
271,
272,
273,
274,
275,
276,
277,
278,
279,
280,
281,
282,
283,
284,
285,
286,
287,
288,
289,
290,
291,
292,
293,
294,
295,
296,
297,
298,
299,
300,
301,
302,
303,
304,
305,
306,
307,
308,
309,
310,
311,
312,
313,
314,
315,
316,
317,
318,
319,
320,
321,
322,
323,
324,
325,
326,
327,
328,
329,
330,
331,
332,
333,
334,
335,
336,
337,
338,
339,
340,
341,
342,
343,
344,
345,
346,
347,
348,
349,
350,
351,
352,
353,
354,
355,
356,
357,
358,
359,
360,
361,
362,
363,
364,
365,
366,
367,
368,
369,
370,
371,
372,
373,
374,
375,
376,
377,
378,
379,
380,
381,
382,
383,
384,
385,
386,
387,
388,
389,
390,
391,
392,
393,
394,
395,
396,
397,
398,
399,
400,
401,
402,
403,
404,
405,
406,
407,
408,
409,
410,
411,
412,
413,
414,
415,
416,
417,
418,
419,
420,
421,
422,
423,
424,
425,
426,
427,
428,
429,
430,
431,
432,
433,
434,
435,
436,
437,
438,
439,
440,
441,
442,
443,
444,
445,
446,
447,
448,
449,
450,
451,
452,
453,
454,
455,
456,
457,
458,
459,
460,
461,
462,
463,
464,
465,
466,
467,
468,
469,
470,
471,
472,
473,
474,
475,
476,
477,
478,
479,
480,
481,
482,
483,
484,
485,
486,
487,
488,
489,
490,
491,
492,
493,
494,
495,
496,
497,
498,
499,
500,
501,
502,
503,
504,
505,
506,
507,
508,
509,
510,
511,
512,
513,
514,
515,
516,
517,
518,
519,
520,
521,
522,
523,
524,
525,
526,
527,
528,
529,
530,
531,
532,
533,
534,
535,
536,
537,
538,
539,
540,
541,
542,
543,
544,
545,
546,
547,
548,
549,
550,
551,
552,
553,
554,
555,
556,
557,
558,
559,
560,
561,
562,
563,
564,
565,
566,
567,
568,
569,
570,
571,
572,
573,
574,
575,
576,
577,
578,
579,
580,
581,
582,
583,
584,
585,
586,
587,
588,
589,
590,
591,
592,
593,
594,
595,
596,
597,
598,
599,
600,
601,
602,
603,
604,
605,
606,
607,
608,
609,
610,
611,
612,
613,
614,
615,
616,
617,
618,
619,
620,
621,
622,
623,
624,
625,
626,
627,
628,
629,
630,
631,
632,
633,
634,
635,
636,
637,
638,
639,
640,
641,
642,
643,
644,
645,
646,
647,
648,
649,
650,
651,
652,
653,
654,
655,
656,
657,
658,
659,
660,
661,
662,
663,
664,
665,
666,
667,
668,
669,
670,
671,
672,
673,
674,
675,
676,
677,
678,
679,
680,
681,
682,
683,
684,
685,
686,
687,
688,
689,
690,
691,
692,
693,
694,
695,
696,
697,
698,
699,
700,
701,
702,
703,
704,
705,
706,
707,
708,
709,
710,
711,
712,
713,
714,
715,
716,
717,
718,
719,
720,
721,
722,
723,
724,
725,
726,
727,
728,
729,
730,
731,
732,
733,
734,
735,
736,
737,
738,
739,
740,
741,
742,
743,
744,
745,
746,
747,
748,
749,
750,
751,
752,
753,
754,
755,
756,
757,
758,
759,
760,
761,
762,
763,
764,
765,
766,
767,
768,
769,
770,
771,
772,
773,
774,
775,
776,
777,
778,
779,
780,
781,
782,
783,
784,
785,
786,
787,
788,
789,
790,
791,
792,
793,
794,
795,
796,
797,
798,
799,
800,
801,
802,
803,
804,
805,
806,
807,
808,
809,
810,
811,
812,
813,
814,
815,
816,
817,
818,
819,
820,
821,
822,
823,
824,
825,
826,
827,
828,
829,
830,
831,
832,
833,
834,
835,
836,
837,
838,
839,
840,
841,
842,
843,
844,
845,
846,
847,
848,
849,
850,
851,
852,
853,
854,
855,
856,
857,
858,
859,
860,
861,
862,
863,
864,
865,
866,
867,
868,
869,
870,
871,
872,
873,
874,
875,
876,
877,
878,
879,
880,
881,
882,
883,
884,
885,
886,
887,
888,
889,
890,
891,
892,
893,
894,
895,
896,
897,
898,
899,
900,
901,
902,
903,
904,
905,
906,
907,
908,
909,
910,
911,
912,
913,
914,
915,
916,
917,
918,
919,
920,
921,
922,
923,
924,
925,
926,
927,
928,
929,
930,
931,
932,
933,
934,
935,
936,
937,
938,
939,
940,
941,
942,
943,
944,
945,
946,
947,
948,
949,
950,
951,
952,
953,
954,
955,
956,
957,
958,
959,
960,
961,
962,
963,
964,
965,
966,
967,
968,
969,
970,
971,
972,
973,
974,
975,
976,
977,
978,
979,
980,
981,
982,
983,
984,
985,
986,
987,
988,
989,
990,
991,
992,
993,
994,
995,
996,
997,
998,
999,
1000,


Train errors: 
0.214526,
0.209435,
0.206148,
0.204163,
0.202945,
0.202174,
0.201674,
0.201344,
0.201124,
0.200977,
0.200878,
0.200812,
0.200768,
0.20074,
0.200725,
0.200712,
0.200701,
0.200696,
0.200692,
0.200689,
0.200686,
0.200685,
0.200685,
0.200685,
0.200683,
0.200683,
0.200684,
0.200684,
0.200684,
0.200684,
0.200683,
0.200683,
0.200684,
0.200684,
0.200684,
0.200684,
0.200684,
0.200684,
0.200684,
0.200684,
0.200684,
0.200684,
0.200684,
0.200684,
0.200684,
0.200685,
0.200683,
0.200683,
0.200683,
0.200684,
0.200683,
0.200683,
0.200683,
0.200684,
0.200683,
0.200683,
0.200683,
0.200684,
0.200683,
0.200683,
0.200682,
0.200683,
0.200682,
0.200682,
0.200682,
0.200683,
0.200682,
0.200682,
0.200682,
0.200682,
0.200682,
0.200681,
0.200681,
0.200682,
0.200681,
0.200681,
0.200681,
0.200681,
0.200681,
0.200681,
0.200681,
0.200681,
0.200681,
0.20068,
0.20068,
0.20068,
0.20068,
0.20068,
0.20068,
0.20068,
0.20068,
0.20068,
0.20068,
0.20068,
0.20068,
0.200679,
0.200679,
0.200679,
0.200679,
0.200679,
0.200679,
0.200679,
0.200679,
0.200679,
0.200678,
0.200678,
0.200678,
0.200678,
0.200678,
0.200678,
0.200678,
0.200678,
0.200678,
0.200678,
0.200678,
0.200678,
0.200677,
0.200677,
0.200677,
0.200677,
0.200677,
0.200677,
0.200677,
0.200677,
0.200677,
0.200676,
0.200676,
0.200676,
0.200676,
0.200676,
0.200676,
0.200676,
0.200676,
0.200676,
0.200676,
0.200676,
0.200675,
0.200675,
0.200675,
0.200675,
0.200675,
0.200675,
0.200675,
0.200675,
0.200675,
0.200675,
0.200674,
0.200674,
0.200674,
0.200674,
0.200674,
0.200674,
0.200674,
0.200674,
0.200674,
0.200673,
0.200673,
0.200673,
0.200673,
0.200673,
0.200673,
0.200673,
0.200673,
0.200673,
0.200673,
0.200672,
0.200672,
0.200672,
0.200672,
0.200672,
0.200672,
0.200672,
0.200672,
0.200672,
0.200672,
0.200671,
0.200671,
0.200671,
0.200671,
0.200671,
0.200671,
0.200671,
0.200671,
0.200671,
0.20067,
0.20067,
0.20067,
0.20067,
0.20067,
0.20067,
0.20067,
0.20067,
0.20067,
0.20067,
0.200669,
0.200669,
0.200669,
0.200669,
0.200669,
0.200669,
0.200669,
0.200669,
0.200669,
0.200668,
0.200668,
0.200668,
0.200668,
0.200668,
0.200668,
0.200668,
0.200668,
0.200668,
0.200668,
0.200667,
0.200667,
0.200667,
0.200667,
0.200667,
0.200667,
0.200667,
0.200667,
0.200667,
0.200666,
0.200666,
0.200666,
0.200666,
0.200666,
0.200666,
0.200666,
0.200666,
0.200666,
0.200665,
0.200665,
0.200665,
0.200665,
0.200665,
0.200665,
0.200665,
0.200665,
0.200665,
0.200664,
0.200664,
0.200664,
0.200664,
0.200664,
0.200664,
0.200664,
0.200664,
0.200664,
0.200663,
0.200663,
0.200663,
0.200663,
0.200663,
0.200663,
0.200663,
0.200663,
0.200663,
0.200662,
0.200662,
0.200662,
0.200662,
0.200662,
0.200662,
0.200662,
0.200662,
0.200661,
0.200661,
0.200661,
0.200661,
0.200661,
0.200661,
0.200661,
0.200661,
0.200661,
0.20066,
0.20066,
0.20066,
0.20066,
0.20066,
0.20066,
0.20066,
0.20066,
0.200659,
0.200659,
0.200659,
0.200659,
0.200659,
0.200659,
0.200659,
0.200659,
0.200659,
0.200658,
0.200658,
0.200658,
0.200658,
0.200658,
0.200658,
0.200658,
0.200658,
0.200657,
0.200657,
0.200657,
0.200657,
0.200657,
0.200657,
0.200657,
0.200657,
0.200656,
0.200656,
0.200656,
0.200656,
0.200656,
0.200656,
0.200656,
0.200656,
0.200655,
0.200655,
0.200655,
0.200655,
0.200655,
0.200655,
0.200655,
0.200655,
0.200655,
0.200654,
0.200654,
0.200654,
0.200654,
0.200654,
0.200654,
0.200654,
0.200653,
0.200653,
0.200653,
0.200653,
0.200653,
0.200653,
0.200653,
0.200653,
0.200652,
0.200652,
0.200652,
0.200652,
0.200652,
0.200652,
0.200652,
0.200652,
0.200651,
0.200651,
0.200651,
0.200651,
0.200651,
0.200651,
0.200651,
0.200651,
0.20065,
0.20065,
0.20065,
0.20065,
0.20065,
0.20065,
0.20065,
0.20065,
0.200649,
0.200649,
0.200649,
0.200649,
0.200649,
0.200649,
0.200649,
0.200648,
0.200648,
0.200648,
0.200648,
0.200648,
0.200648,
0.200648,
0.200648,
0.200647,
0.200647,
0.200647,
0.200647,
0.200647,
0.200647,
0.200647,
0.200646,
0.200646,
0.200646,
0.200646,
0.200646,
0.200646,
0.200646,
0.200646,
0.200645,
0.200645,
0.200645,
0.200645,
0.200645,
0.200645,
0.200645,
0.200644,
0.200644,
0.200644,
0.200644,
0.200644,
0.200644,
0.200644,
0.200644,
0.200643,
0.200643,
0.200643,
0.200643,
0.200643,
0.200643,
0.200643,
0.200642,
0.200642,
0.200642,
0.200642,
0.200642,
0.200642,
0.200642,
0.200641,
0.200641,
0.200641,
0.200641,
0.200641,
0.200641,
0.200641,
0.200641,
0.20064,
0.20064,
0.20064,
0.20064,
0.20064,
0.20064,
0.20064,
0.200639,
0.200639,
0.200639,
0.200639,
0.200639,
0.200639,
0.200639,
0.200638,
0.200638,
0.200638,
0.200638,
0.200638,
0.200638,
0.200638,
0.200637,
0.200637,
0.200637,
0.200637,
0.200637,
0.200637,
0.200637,
0.200637,
0.200636,
0.200636,
0.200636,
0.200636,
0.200636,
0.200636,
0.200636,
0.200635,
0.200635,
0.200635,
0.200635,
0.200635,
0.200635,
0.200635,
0.200634,
0.200634,
0.200634,
0.200634,
0.200634,
0.200634,
0.200634,
0.200633,
0.200633,
0.200633,
0.200633,
0.200633,
0.200633,
0.200633,
0.200633,
0.200632,
0.200632,
0.200632,
0.200632,
0.200632,
0.200632,
0.200632,
0.200631,
0.200631,
0.200631,
0.200631,
0.200631,
0.200631,
0.200631,
0.200631,
0.20063,
0.20063,
0.20063,
0.20063,
0.20063,
0.20063,
0.20063,
0.200629,
0.200629,
0.200629,
0.200629,
0.200629,
0.200629,
0.200629,
0.200629,
0.200628,
0.200628,
0.200628,
0.200628,
0.200628,
0.200628,
0.200628,
0.200627,
0.200627,
0.200627,
0.200627,
0.200627,
0.200627,
0.200627,
0.200627,
0.200626,
0.200626,
0.200626,
0.200626,
0.200626,
0.200626,
0.200626,
0.200626,
0.200625,
0.200625,
0.200625,
0.200625,
0.200625,
0.200625,
0.200625,
0.200625,
0.200624,
0.200624,
0.200624,
0.200624,
0.200624,
0.200624,
0.200624,
0.200624,
0.200623,
0.200623,
0.200623,
0.200623,
0.200623,
0.200623,
0.200623,
0.200623,
0.200623,
0.200622,
0.200622,
0.200622,
0.200622,
0.200622,
0.200622,
0.200622,
0.200622,
0.200622,
0.200621,
0.200621,
0.200621,
0.200621,
0.200621,
0.200621,
0.200621,
0.200621,
0.200621,
0.20062,
0.20062,
0.20062,
0.20062,
0.20062,
0.20062,
0.20062,
0.20062,
0.20062,
0.20062,
0.200619,
0.200619,
0.200619,
0.200619,
0.200619,
0.200619,
0.200619,
0.200619,
0.200619,
0.200619,
0.200618,
0.200618,
0.200618,
0.200618,
0.200618,
0.200618,
0.200618,
0.200618,
0.200618,
0.200618,
0.200618,
0.200618,
0.200618,
0.200617,
0.200617,
0.200617,
0.200617,
0.200617,
0.200617,
0.200617,
0.200617,
0.200617,
0.200617,
0.200617,
0.200617,
0.200617,
0.200617,
0.200617,
0.200616,
0.200616,
0.200616,
0.200616,
0.200616,
0.200616,
0.200616,
0.200616,
0.200616,
0.200616,
0.200616,
0.200616,
0.200616,
0.200616,
0.200616,
0.200616,
0.200616,
0.200616,
0.200616,
0.200616,
0.200616,
0.200616,
0.200616,
0.200616,
0.200616,
0.200616,
0.200616,
0.200616,
0.200616,
0.200616,
0.200616,
0.200616,
0.200616,
0.200616,
0.200616,
0.200616,
0.200616,
0.200616,
0.200616,
0.200616,
0.200616,
0.200616,
0.200616,
0.200616,
0.200616,
0.200616,
0.200616,
0.200616,
0.200616,
0.200616,
0.200616,
0.200616,
0.200616,
0.200617,
0.200617,
0.200617,
0.200617,
0.200617,
0.200617,
0.200617,
0.200617,
0.200617,
0.200617,
0.200617,
0.200618,
0.200618,
0.200618,
0.200618,
0.200618,
0.200618,
0.200618,
0.200618,
0.200618,
0.200619,
0.200619,
0.200619,
0.200619,
0.200619,
0.200619,
0.20062,
0.20062,
0.20062,
0.20062,
0.20062,
0.20062,
0.200621,
0.200621,
0.200621,
0.200621,
0.200621,
0.200622,
0.200622,
0.200622,
0.200622,
0.200623,
0.200623,
0.200623,
0.200623,
0.200624,
0.200624,
0.200624,
0.200624,
0.200625,
0.200625,
0.200625,
0.200625,
0.200626,
0.200626,
0.200626,
0.200627,
0.200627,
0.200627,
0.200628,
0.200628,
0.200628,
0.200629,
0.200629,
0.200629,
0.20063,
0.20063,
0.20063,
0.200631,
0.200631,
0.200632,
0.200632,
0.200632,
0.200633,
0.200633,
0.200634,
0.200634,
0.200634,
0.200635,
0.200635,
0.200636,
0.200636,
0.200637,
0.200637,
0.200638,
0.200638,
0.200638,
0.200639,
0.200639,
0.20064,
0.20064,
0.200641,
0.200641,
0.200642,
0.200642,
0.200643,
0.200643,
0.200644,
0.200644,
0.200645,
0.200645,
0.200646,
0.200647,
0.215196,
0.204556,
0.201544,
0.201003,
0.200912,
0.200894,
0.200888,
0.200886,
0.200884,
0.200882,
0.20088,
0.200879,
0.200877,
0.200876,
0.200874,
0.200873,
0.200871,
0.20087,
0.200868,
0.200867,
0.200865,
0.200864,
0.200862,
0.200861,
0.200859,
0.200858,
0.200856,
0.200855,
0.200853,
0.200852,
0.20085,
0.200849,
0.200847,
0.200846,
0.200844,
0.200843,
0.200841,
0.20084,
0.200838,
0.200837,
0.200835,
0.200834,
0.200832,
0.200831,
0.200829,
0.200828,
0.200826,
0.200825,
0.200823,
0.200822,
0.20082,
0.200819,
0.200818,
0.200816,
0.200815,
0.200813,
0.200812,
0.20081,
0.200809,
0.200807,
0.200806,
0.200804,
0.200803,
0.200801,
0.2008,
0.200798,
0.200797,
0.200795,
0.200794,
0.200793,
0.200791,
0.20079,
0.200788,
0.200787,
0.200785,
0.200784,
0.200782,
0.200781,
0.200779,
0.200778,
0.200776,
0.200775,
0.200774,
0.200772,
0.200771,
0.200769,
0.200768,
0.200766,
0.200765,
0.200763,
0.200762,
0.20076,
0.200759,
0.200758,
0.200756,
0.200755,
0.200753,
0.200752,
0.20075,
0.200749,
0.200747,
0.200746,
0.200745,
0.200743,
0.200742,
0.20074,
0.200739,
0.200737,
0.200736,
0.200734,
0.200733,
0.200732,
0.20073,
0.200729,
0.200727,
0.200726,
0.200724,
0.200723,
0.200721,
0.20072,
0.200719,
0.200717,
0.200716,
0.200714,
0.200713,
0.200711,
0.20071,
0.200709,
0.200707,
0.200706,
0.200704,
0.200703,
0.200701,
0.2007,
0.200698,
0.200697,
0.200696,
0.200694,
0.200693,
0.200691,
0.20069,
0.200688,
0.200687,
0.200686,
0.200684,
0.200683,
0.200681,
0.20068,
0.200678,
0.200677,
0.200676,
0.200674,
0.200673,
0.200671,
0.20067,
0.200668,
0.200667,
0.200665,
0.200664,
0.200663,
0.200661,
0.20066,
0.200658,
0.200657,
0.200655,
0.200654,
0.200653,
0.200651,
0.20065,
0.200648,
0.200647,
0.200645,
0.200644,
0.200643,
0.200641,
0.20064,
0.200638,
0.200637,
0.200635,
0.200634,
0.200632,
0.200631,
0.20063,
0.200628,
0.200627,
0.200625,
0.200624,
0.200622,
0.200621,
0.20062,
0.200618,
0.200617,
0.200615,
0.200614,
0.200612,
0.200611,
0.200609,
0.200608,
0.200607,
0.200605,
0.200604,
0.200602,
0.200601,
0.200599,
0.200598,
0.200596,
0.200595,
0.200594,
0.200592,
0.200591,
0.200589,


Test errors: 
0.219249,
0.21493,
0.212255,
0.210726,
0.209852,
0.209349,
0.209063,
0.208906,
0.208825,
0.208791,
0.208786,
0.208797,
0.208817,
0.208843,
0.20887,
0.208893,
0.208912,
0.208932,
0.208948,
0.208963,
0.208974,
0.208986,
0.208996,
0.209004,
0.209009,
0.209015,
0.20902,
0.209024,
0.209026,
0.209029,
0.209031,
0.209032,
0.209034,
0.209034,
0.209034,
0.209034,
0.209035,
0.209035,
0.209034,
0.209033,
0.209033,
0.209033,
0.209031,
0.20903,
0.20903,
0.20903,
0.209028,
0.209026,
0.209026,
0.209027,
0.209024,
0.209022,
0.209022,
0.209023,
0.209021,
0.209018,
0.209019,
0.20902,
0.209018,
0.209015,
0.209015,
0.209017,
0.209014,
0.209012,
0.209012,
0.209014,
0.209011,
0.209009,
0.209009,
0.209011,
0.209009,
0.209006,
0.209006,
0.209008,
0.209006,
0.209004,
0.209004,
0.209005,
0.209004,
0.209001,
0.209001,
0.209002,
0.209001,
0.208999,
0.208999,
0.209,
0.208999,
0.208997,
0.208996,
0.208997,
0.208997,
0.208995,
0.208994,
0.208995,
0.208995,
0.208993,
0.208992,
0.208993,
0.208993,
0.208991,
0.20899,
0.20899,
0.20899,
0.20899,
0.208989,
0.208988,
0.208988,
0.208988,
0.208987,
0.208986,
0.208986,
0.208986,
0.208985,
0.208984,
0.208984,
0.208984,
0.208983,
0.208983,
0.208982,
0.208982,
0.208982,
0.208981,
0.208981,
0.20898,
0.20898,
0.208979,
0.208979,
0.208978,
0.208978,
0.208978,
0.208977,
0.208977,
0.208976,
0.208976,
0.208976,
0.208975,
0.208975,
0.208974,
0.208974,
0.208974,
0.208973,
0.208973,
0.208972,
0.208972,
0.208972,
0.208971,
0.208971,
0.20897,
0.20897,
0.20897,
0.208969,
0.208969,
0.208968,
0.208968,
0.208968,
0.208967,
0.208967,
0.208967,
0.208966,
0.208966,
0.208966,
0.208965,
0.208965,
0.208964,
0.208964,
0.208964,
0.208963,
0.208963,
0.208963,
0.208962,
0.208962,
0.208962,
0.208961,
0.208961,
0.208961,
0.20896,
0.20896,
0.20896,
0.208959,
0.208959,
0.208959,
0.208958,
0.208958,
0.208958,
0.208957,
0.208957,
0.208957,
0.208956,
0.208956,
0.208956,
0.208955,
0.208955,
0.208955,
0.208954,
0.208954,
0.208954,
0.208953,
0.208953,
0.208953,
0.208952,
0.208952,
0.208952,
0.208952,
0.208951,
0.208951,
0.208951,
0.20895,
0.20895,
0.20895,
0.208949,
0.208949,
0.208949,
0.208948,
0.208948,
0.208948,
0.208948,
0.208947,
0.208947,
0.208947,
0.208946,
0.208946,
0.208946,
0.208946,
0.208945,
0.208945,
0.208945,
0.208944,
0.208944,
0.208944,
0.208943,
0.208943,
0.208943,
0.208943,
0.208942,
0.208942,
0.208942,
0.208942,
0.208941,
0.208941,
0.208941,
0.20894,
0.20894,
0.20894,
0.20894,
0.208939,
0.208939,
0.208939,
0.208939,
0.208938,
0.208938,
0.208938,
0.208937,
0.208937,
0.208937,
0.208937,
0.208936,
0.208936,
0.208936,
0.208936,
0.208935,
0.208935,
0.208935,
0.208935,
0.208934,
0.208934,
0.208934,
0.208933,
0.208933,
0.208933,
0.208933,
0.208932,
0.208932,
0.208932,
0.208932,
0.208931,
0.208931,
0.208931,
0.208931,
0.20893,
0.20893,
0.20893,
0.20893,
0.208929,
0.208929,
0.208929,
0.208929,
0.208928,
0.208928,
0.208928,
0.208928,
0.208927,
0.208927,
0.208927,
0.208927,
0.208926,
0.208926,
0.208926,
0.208926,
0.208926,
0.208925,
0.208925,
0.208925,
0.208925,
0.208924,
0.208924,
0.208924,
0.208924,
0.208923,
0.208923,
0.208923,
0.208923,
0.208922,
0.208922,
0.208922,
0.208922,
0.208922,
0.208921,
0.208921,
0.208921,
0.208921,
0.20892,
0.20892,
0.20892,
0.20892,
0.208919,
0.208919,
0.208919,
0.208919,
0.208919,
0.208918,
0.208918,
0.208918,
0.208918,
0.208917,
0.208917,
0.208917,
0.208917,
0.208916,
0.208916,
0.208916,
0.208916,
0.208916,
0.208915,
0.208915,
0.208915,
0.208915,
0.208914,
0.208914,
0.208914,
0.208914,
0.208914,
0.208913,
0.208913,
0.208913,
0.208913,
0.208912,
0.208912,
0.208912,
0.208912,
0.208912,
0.208911,
0.208911,
0.208911,
0.208911,
0.20891,
0.20891,
0.20891,
0.20891,
0.20891,
0.208909,
0.208909,
0.208909,
0.208909,
0.208908,
0.208908,
0.208908,
0.208908,
0.208908,
0.208907,
0.208907,
0.208907,
0.208907,
0.208906,
0.208906,
0.208906,
0.208906,
0.208906,
0.208905,
0.208905,
0.208905,
0.208905,
0.208905,
0.208904,
0.208904,
0.208904,
0.208904,
0.208903,
0.208903,
0.208903,
0.208903,
0.208903,
0.208902,
0.208902,
0.208902,
0.208902,
0.208901,
0.208901,
0.208901,
0.208901,
0.208901,
0.2089,
0.2089,
0.2089,
0.2089,
0.208899,
0.208899,
0.208899,
0.208899,
0.208899,
0.208898,
0.208898,
0.208898,
0.208898,
0.208898,
0.208897,
0.208897,
0.208897,
0.208897,
0.208896,
0.208896,
0.208896,
0.208896,
0.208896,
0.208895,
0.208895,
0.208895,
0.208895,
0.208894,
0.208894,
0.208894,
0.208894,
0.208894,
0.208893,
0.208893,
0.208893,
0.208893,
0.208892,
0.208892,
0.208892,
0.208892,
0.208892,
0.208891,
0.208891,
0.208891,
0.208891,
0.20889,
0.20889,
0.20889,
0.20889,
0.20889,
0.208889,
0.208889,
0.208889,
0.208889,
0.208888,
0.208888,
0.208888,
0.208888,
0.208888,
0.208887,
0.208887,
0.208887,
0.208887,
0.208886,
0.208886,
0.208886,
0.208886,
0.208886,
0.208885,
0.208885,
0.208885,
0.208885,
0.208884,
0.208884,
0.208884,
0.208884,
0.208884,
0.208883,
0.208883,
0.208883,
0.208883,
0.208882,
0.208882,
0.208882,
0.208882,
0.208881,
0.208881,
0.208881,
0.208881,
0.208881,
0.20888,
0.20888,
0.20888,
0.20888,
0.208879,
0.208879,
0.208879,
0.208879,
0.208879,
0.208878,
0.208878,
0.208878,
0.208878,
0.208877,
0.208877,
0.208877,
0.208877,
0.208877,
0.208876,
0.208876,
0.208876,
0.208876,
0.208875,
0.208875,
0.208875,
0.208875,
0.208875,
0.208874,
0.208874,
0.208874,
0.208874,
0.208873,
0.208873,
0.208873,
0.208873,
0.208872,
0.208872,
0.208872,
0.208872,
0.208872,
0.208871,
0.208871,
0.208871,
0.208871,
0.20887,
0.20887,
0.20887,
0.20887,
0.20887,
0.208869,
0.208869,
0.208869,
0.208869,
0.208869,
0.208868,
0.208868,
0.208868,
0.208868,
0.208867,
0.208867,
0.208867,
0.208867,
0.208867,
0.208866,
0.208866,
0.208866,
0.208866,
0.208865,
0.208865,
0.208865,
0.208865,
0.208865,
0.208864,
0.208864,
0.208864,
0.208864,
0.208864,
0.208863,
0.208863,
0.208863,
0.208863,
0.208863,
0.208862,
0.208862,
0.208862,
0.208862,
0.208862,
0.208861,
0.208861,
0.208861,
0.208861,
0.208861,
0.20886,
0.20886,
0.20886,
0.20886,
0.20886,
0.208859,
0.208859,
0.208859,
0.208859,
0.208859,
0.208858,
0.208858,
0.208858,
0.208858,
0.208858,
0.208857,
0.208857,
0.208857,
0.208857,
0.208857,
0.208856,
0.208856,
0.208856,
0.208856,
0.208856,
0.208856,
0.208855,
0.208855,
0.208855,
0.208855,
0.208855,
0.208855,
0.208854,
0.208854,
0.208854,
0.208854,
0.208854,
0.208854,
0.208853,
0.208853,
0.208853,
0.208853,
0.208853,
0.208853,
0.208852,
0.208852,
0.208852,
0.208852,
0.208852,
0.208852,
0.208851,
0.208851,
0.208851,
0.208851,
0.208851,
0.208851,
0.208851,
0.20885,
0.20885,
0.20885,
0.20885,
0.20885,
0.20885,
0.20885,
0.20885,
0.208849,
0.208849,
0.208849,
0.208849,
0.208849,
0.208849,
0.208849,
0.208849,
0.208848,
0.208848,
0.208848,
0.208848,
0.208848,
0.208848,
0.208848,
0.208848,
0.208848,
0.208848,
0.208847,
0.208847,
0.208847,
0.208847,
0.208847,
0.208847,
0.208847,
0.208847,
0.208847,
0.208847,
0.208847,
0.208846,
0.208846,
0.208846,
0.208846,
0.208846,
0.208846,
0.208846,
0.208846,
0.208846,
0.208846,
0.208846,
0.208846,
0.208846,
0.208846,
0.208846,
0.208846,
0.208846,
0.208846,
0.208845,
0.208845,
0.208845,
0.208845,
0.208845,
0.208845,
0.208845,
0.208845,
0.208845,
0.208845,
0.208845,
0.208845,
0.208845,
0.208845,
0.208845,
0.208845,
0.208845,
0.208845,
0.208845,
0.208845,
0.208845,
0.208845,
0.208845,
0.208845,
0.208845,
0.208845,
0.208845,
0.208845,
0.208846,
0.208846,
0.208846,
0.208846,
0.208846,
0.208846,
0.208846,
0.208846,
0.208846,
0.208846,
0.208846,
0.208846,
0.208846,
0.208846,
0.208846,
0.208847,
0.208847,
0.208847,
0.208847,
0.208847,
0.208847,
0.208847,
0.208847,
0.208847,
0.208848,
0.208848,
0.208848,
0.208848,
0.208848,
0.208848,
0.208848,
0.208848,
0.208849,
0.208849,
0.208849,
0.208849,
0.208849,
0.208849,
0.20885,
0.20885,
0.20885,
0.20885,
0.20885,
0.208851,
0.208851,
0.208851,
0.208851,
0.208851,
0.208852,
0.208852,
0.208852,
0.208852,
0.208852,
0.208853,
0.208853,
0.208853,
0.208928,
0.219215,
0.210824,
0.209127,
0.209144,
0.209267,
0.209334,
0.209365,
0.209379,
0.209386,
0.20939,
0.209391,
0.209391,
0.20939,
0.209389,
0.209388,
0.209386,
0.209385,
0.209384,
0.209382,
0.209381,
0.209379,
0.209378,
0.209376,
0.209375,
0.209373,
0.209372,
0.20937,
0.209369,
0.209367,
0.209366,
0.209364,
0.209363,
0.209361,
0.20936,
0.209359,
0.209357,
0.209356,
0.209354,
0.209353,
0.209351,
0.20935,
0.209348,
0.209347,
0.209345,
0.209344,
0.209342,
0.209341,
0.209339,
0.209338,
0.209337,
0.209335,
0.209334,
0.209332,
0.209331,
0.209329,
0.209328,
0.209326,
0.209325,
0.209323,
0.209322,
0.209321,
0.209319,
0.209318,
0.209316,
0.209315,
0.209313,
0.209312,
0.20931,
0.209309,
0.209308,
0.209306,
0.209305,
0.209303,
0.209302,
0.2093,
0.209299,
0.209297,
0.209296,
0.209295,
0.209293,
0.209292,
0.20929,
0.209289,
0.209287,
0.209286,
0.209284,
0.209283,
0.209282,
0.20928,
0.209279,
0.209277,
0.209276,
0.209274,
0.209273,
0.209272,
0.20927,
0.209269,
0.209267,
0.209266,
0.209264,
0.209263,
0.209262,
0.20926,
0.209259,
0.209257,
0.209256,
0.209254,
0.209253,
0.209252,
0.20925,
0.209249,
0.209247,
0.209246,
0.209244,
0.209243,
0.209242,
0.20924,
0.209239,
0.209237,
0.209236,
0.209235,
0.209233,
0.209232,
0.20923,
0.209229,
0.209227,
0.209226,
0.209225,
0.209223,
0.209222,
0.20922,
0.209219,
0.209218,
0.209216,
0.209215,
0.209213,
0.209212,
0.20921,
0.209209,
0.209208,
0.209206,
0.209205,
0.209203,
0.209202,
0.209201,
0.209199,
0.209198,
0.209196,
0.209195,
0.209193,
0.209192,
0.209191,
0.209189,
0.209188,
0.209186,
0.209185,
0.209184,
0.209182,
0.209181,
0.209179,
0.209178,
0.209176,
0.209175,
0.209174,
0.209172,
0.209171,
0.209169,
0.209168,
0.209166,
0.209165,
0.209164,
0.209162,
0.209161,
0.209159,
0.209158,
0.209157,
0.209155,
0.209154,
0.209152,
0.209151,
0.209149,
0.209148,
0.209147,
0.209145,
0.209144,
0.209142,
0.209141,
0.20914,
0.209138,
0.209137,
0.209135,
0.209134,
0.209132,
0.209131,
0.20913,
0.209128,
0.209127,
0.209125,
0.209124,
0.209122,
0.209121,
0.20912,
0.209118,
0.209117,
0.209115,
0.209114,
0.209112,
0.209111,
0.20911,
0.209108,
0.209107,
