FINAL REPORT
************
Train error (Mean +- SD): 0.293175 +- 4.78936e-05
Test error (Mean +- SD): 0.302049 +- 1.98215e-05
Train CCR (Mean +- SD): 0.718519 +- 5.48697e-05
Test CCR (Mean +- SD): 0.701149 +- 7.92707e-05
CONVERGENCE DATA
****************


Iterations: 
1,
2,
3,
4,
5,
6,
7,
8,
9,
10,
11,
12,
13,
14,
15,
16,
17,
18,
19,
20,
21,
22,
23,
24,
25,
26,
27,
28,
29,
30,
31,
32,
33,
34,
35,
36,
37,
38,
39,
40,
41,
42,
43,
44,
45,
46,
47,
48,
49,
50,
51,
52,
53,
54,
55,
56,
57,
58,
59,
60,
61,
62,
63,
64,
65,
66,
67,
68,
69,
70,
71,
72,
73,
74,
75,
76,
77,
78,
79,
80,
81,
82,
83,
84,
85,
86,
87,
88,
89,
90,
91,
92,
93,
94,
95,
96,
97,
98,
99,
100,
101,
102,
103,
104,
105,
106,
107,
108,
109,
110,
111,
112,
113,
114,
115,
116,
117,
118,
119,
120,
121,
122,
123,
124,
125,
126,
127,
128,
129,
130,
131,
132,
133,
134,
135,
136,
137,
138,
139,
140,
141,
142,
143,
144,
145,
146,
147,
148,
149,
150,
151,
152,
153,
154,
155,
156,
157,
158,
159,
160,
161,
162,
163,
164,
165,
166,
167,
168,
169,
170,
171,
172,
173,
174,
175,
176,
177,
178,
179,
180,
181,
182,
183,
184,
185,
186,
187,
188,
189,
190,
191,
192,
193,
194,
195,
196,
197,
198,
199,
200,
201,
202,
203,
204,
205,
206,
207,
208,
209,
210,
211,
212,
213,
214,
215,
216,
217,
218,
219,
220,
221,
222,
223,
224,
225,
226,
227,
228,
229,
230,
231,
232,
233,
234,
235,
236,
237,
238,
239,
240,
241,
242,
243,
244,
245,
246,
247,
248,
249,
250,
251,
252,
253,
254,
255,
256,
257,
258,
259,
260,
261,
262,
263,
264,
265,
266,
267,
268,
269,
270,
271,
272,
273,
274,
275,
276,
277,
278,
279,
280,
281,
282,
283,
284,
285,
286,
287,
288,
289,
290,
291,
292,
293,
294,
295,
296,
297,
298,
299,
300,
301,
302,
303,
304,
305,
306,
307,
308,
309,
310,
311,
312,
313,
314,
315,
316,
317,
318,
319,
320,
321,
322,
323,
324,
325,
326,
327,
328,
329,
330,
331,
332,
333,
334,
335,
336,
337,
338,
339,
340,
341,
342,
343,
344,
345,
346,
347,
348,
349,
350,
351,
352,
353,
354,
355,
356,
357,
358,
359,
360,
361,
362,
363,
364,
365,
366,
367,
368,
369,
370,
371,
372,
373,
374,
375,
376,
377,
378,
379,
380,
381,
382,
383,
384,
385,
386,
387,
388,
389,
390,
391,
392,
393,
394,
395,
396,
397,
398,
399,
400,
401,
402,
403,
404,
405,
406,
407,
408,
409,
410,
411,
412,
413,
414,
415,
416,
417,
418,
419,
420,
421,
422,
423,
424,
425,
426,
427,
428,
429,
430,
431,
432,
433,
434,
435,
436,
437,
438,
439,
440,
441,
442,
443,
444,
445,
446,
447,
448,
449,
450,
451,
452,
453,
454,
455,
456,
457,
458,
459,
460,
461,
462,
463,
464,
465,
466,
467,
468,
469,
470,
471,
472,
473,
474,
475,
476,
477,
478,
479,
480,
481,
482,
483,
484,
485,
486,
487,
488,
489,
490,
491,
492,
493,
494,
495,
496,
497,
498,
499,
500,
501,
502,
503,
504,
505,
506,
507,
508,
509,
510,
511,
512,
513,
514,
515,
516,
517,
518,
519,
520,
521,
522,
523,
524,
525,
526,
527,
528,
529,
530,
531,
532,
533,
534,
535,
536,
537,
538,
539,
540,
541,
542,
543,
544,
545,
546,
547,
548,
549,
550,
551,
552,
553,
554,
555,
556,
557,
558,
559,
560,
561,
562,
563,
564,
565,
566,
567,
568,
569,
570,
571,
572,
573,
574,
575,
576,
577,
578,
579,
580,
581,
582,
583,
584,
585,
586,
587,
588,
589,
590,
591,
592,
593,
594,
595,
596,
597,
598,
599,
600,
601,
602,
603,
604,
605,
606,
607,
608,
609,
610,
611,
612,
613,
614,
615,
616,
617,
618,
619,
620,
621,
622,
623,
624,
625,
626,
627,
628,
629,
630,
631,
632,
633,
634,
635,
636,
637,
638,
639,
640,
641,
642,
643,
644,
645,
646,
647,
648,
649,
650,
651,
652,
653,
654,
655,
656,
657,
658,
659,
660,
661,
662,
663,
664,
665,
666,
667,
668,
669,
670,
671,
672,
673,
674,
675,
676,
677,
678,
679,
680,
681,
682,
683,
684,
685,
686,
687,
688,
689,
690,
691,
692,
693,
694,
695,
696,
697,
698,
699,
700,
701,
702,
703,
704,
705,
706,
707,
708,
709,
710,
711,
712,
713,
714,
715,
716,
717,
718,
719,
720,
721,
722,
723,
724,
725,
726,
727,
728,
729,
730,
731,
732,
733,
734,
735,
736,
737,
738,
739,
740,
741,
742,
743,
744,
745,
746,
747,
748,
749,
750,
751,
752,
753,
754,
755,
756,
757,
758,
759,
760,
761,
762,
763,
764,
765,
766,
767,
768,
769,
770,
771,
772,
773,
774,
775,
776,
777,
778,
779,
780,
781,
782,
783,
784,
785,
786,
787,
788,
789,
790,
791,
792,
793,
794,
795,
796,
797,
798,
799,
800,
801,
802,
803,
804,
805,
806,
807,
808,
809,
810,
811,
812,
813,
814,
815,
816,
817,
818,
819,
820,
821,
822,
823,
824,
825,
826,
827,
828,
829,
830,
831,
832,
833,
834,
835,
836,
837,
838,
839,
840,
841,
842,
843,
844,
845,
846,
847,
848,
849,
850,
851,
852,
853,
854,
855,
856,
857,
858,
859,
860,
861,
862,
863,
864,
865,
866,
867,
868,
869,
870,
871,
872,
873,
874,
875,
876,
877,
878,
879,
880,
881,
882,
883,
884,
885,
886,
887,
888,
889,
890,
891,
892,
893,
894,
895,
896,
897,
898,
899,
900,
901,
902,
903,
904,
905,
906,
907,
908,
909,
910,
911,
912,
913,
914,
915,
916,
917,
918,
919,
920,
921,
922,
923,
924,
925,
926,
927,
928,
929,
930,
931,
932,
933,
934,
935,
936,
937,
938,
939,
940,
941,
942,
943,
944,
945,
946,
947,
948,
949,
950,
951,
952,
953,
954,
955,
956,
957,
958,
959,
960,
961,
962,
963,
964,
965,
966,
967,
968,
969,
970,
971,
972,
973,
974,
975,
976,
977,
978,
979,
980,
981,
982,
983,
984,
985,
986,
987,
988,
989,
990,
991,
992,
993,
994,
995,
996,
997,
998,
999,
1000,


Train errors: 
0.44623,
0.311671,
0.315449,
0.30942,
0.303815,
0.302148,
0.300073,
0.297082,
0.295796,
0.29579,
0.29579,
0.29579,
0.29579,
0.29579,
0.29579,
0.29579,
0.29579,
0.29579,
0.29579,
0.29579,
0.29579,
0.29579,
0.29579,
0.29579,
0.29579,
0.29579,
0.29579,
0.29579,
0.29579,
0.29579,
0.29579,
0.29579,
0.295791,
0.295791,
0.295791,
0.295791,
0.295791,
0.295791,
0.295791,
0.295791,
0.295791,
0.295791,
0.295791,
0.295791,
0.295791,
0.295791,
0.295791,
0.295791,
0.295791,
0.295791,
0.295791,
0.295791,
0.295791,
0.295791,
0.295791,
0.295791,
0.295791,
0.295791,
0.295792,
0.295792,
0.295792,
0.295792,
0.295792,
0.295792,
0.295792,
0.295792,
0.295792,
0.295792,
0.295792,
0.295792,
0.295792,
0.295792,
0.295792,
0.295792,
0.295792,
0.295792,
0.295792,
0.295792,
0.295792,
0.295792,
0.295792,
0.295792,
0.295792,
0.295793,
0.295793,
0.295793,
0.295793,
0.295793,
0.295793,
0.295793,
0.295793,
0.295793,
0.295793,
0.295793,
0.295793,
0.295793,
0.295793,
0.295793,
0.295793,
0.295793,
0.295793,
0.295793,
0.295793,
0.295793,
0.295793,
0.295793,
0.295793,
0.295793,
0.295794,
0.295794,
0.295794,
0.295794,
0.295794,
0.295794,
0.295794,
0.295794,
0.295794,
0.295794,
0.295794,
0.295794,
0.295794,
0.295794,
0.295794,
0.295794,
0.295794,
0.295794,
0.295794,
0.295794,
0.295794,
0.295794,
0.295794,
0.295794,
0.295795,
0.295795,
0.295795,
0.295795,
0.295795,
0.295795,
0.295795,
0.295795,
0.295795,
0.295795,
0.295795,
0.295795,
0.295795,
0.295795,
0.295795,
0.295795,
0.295795,
0.295795,
0.295795,
0.295795,
0.295795,
0.295795,
0.295795,
0.295795,
0.295796,
0.295796,
0.295796,
0.295796,
0.295796,
0.295796,
0.295796,
0.295796,
0.295796,
0.295796,
0.295796,
0.295796,
0.295796,
0.295796,
0.295796,
0.295796,
0.295796,
0.295796,
0.295796,
0.295796,
0.295796,
0.295796,
0.295796,
0.295796,
0.295797,
0.295797,
0.295797,
0.295797,
0.295797,
0.295797,
0.295797,
0.295797,
0.295797,
0.295797,
0.295797,
0.295797,
0.295797,
0.295797,
0.295797,
0.295797,
0.295797,
0.295797,
0.295797,
0.295797,
0.295797,
0.295797,
0.295797,
0.295797,
0.295798,
0.295798,
0.295798,
0.295798,
0.295798,
0.295798,
0.295798,
0.295798,
0.295798,
0.295798,
0.295798,
0.295798,
0.295798,
0.295798,
0.295798,
0.295798,
0.295798,
0.295798,
0.295798,
0.295798,
0.295798,
0.295798,
0.295798,
0.295799,
0.295799,
0.295799,
0.295799,
0.295799,
0.295799,
0.295799,
0.295799,
0.295799,
0.295799,
0.295799,
0.295799,
0.295799,
0.295799,
0.295799,
0.295799,
0.295799,
0.295799,
0.295799,
0.295799,
0.295799,
0.295799,
0.2958,
0.2958,
0.2958,
0.2958,
0.2958,
0.2958,
0.2958,
0.2958,
0.2958,
0.2958,
0.2958,
0.2958,
0.2958,
0.2958,
0.2958,
0.2958,
0.2958,
0.2958,
0.2958,
0.2958,
0.2958,
0.2958,
0.2958,
0.295801,
0.295801,
0.295801,
0.295801,
0.295801,
0.295801,
0.295801,
0.295801,
0.295801,
0.295801,
0.295801,
0.295801,
0.295801,
0.295801,
0.295801,
0.295801,
0.295801,
0.295801,
0.295801,
0.295801,
0.295801,
0.295801,
0.295802,
0.295802,
0.295802,
0.295802,
0.295802,
0.295802,
0.295802,
0.295802,
0.295802,
0.295802,
0.378365,
0.313225,
0.341179,
0.312647,
0.299965,
0.300217,
0.300215,
0.298874,
0.299478,
0.299224,
0.298906,
0.298955,
0.299067,
0.299166,
0.299121,
0.299294,
0.299335,
0.29961,
0.299633,
0.299349,
0.299855,
0.299621,
0.299755,
0.299896,
0.299764,
0.299877,
0.29995,
0.300032,
0.300125,
0.30022,
0.300315,
0.300409,
0.300504,
0.3006,
0.300697,
0.300795,
0.300893,
0.300993,
0.301092,
0.301193,
0.301295,
0.301397,
0.3015,
0.301604,
0.301708,
0.301813,
0.301919,
0.302026,
0.302134,
0.302242,
0.302351,
0.30246,
0.302569,
0.302672,
0.302711,
0.302445,
0.302378,
0.302211,
0.305634,
0.307234,
0.30462,
0.302919,
0.300792,
0.299876,
0.299557,
0.299586,
0.299042,
0.29818,
0.29799,
0.296837,
0.296411,
0.296406,
0.296406,
0.296409,
0.296415,
0.296422,
0.296429,
0.296437,
0.296445,
0.296453,
0.296461,
0.296469,
0.296478,
0.296486,
0.296495,
0.296504,
0.296513,
0.296522,
0.296531,
0.29654,
0.296549,
0.296559,
0.296568,
0.296578,
0.296587,
0.296597,
0.296607,
0.296617,
0.296627,
0.296637,
0.296647,
0.296658,
0.296668,
0.296679,
0.296689,
0.2967,
0.296711,
0.296722,
0.296733,
0.296744,
0.296756,
0.296767,
0.296779,
0.29679,
0.296802,
0.296814,
0.296826,
0.296838,
0.29685,
0.296863,
0.296875,
0.296888,
0.2969,
0.296913,
0.296926,
0.292006,
0.287398,
0.286984,
0.283546,
0.284879,
0.285175,
0.286001,
0.285898,
0.288237,
0.287777,
0.285425,
0.28622,
0.286029,
0.285653,
0.28572,
0.28579,
0.28554,
0.285182,
0.285151,
0.285074,
0.284959,
0.285365,
0.284837,
0.285361,
0.287908,
0.287321,
0.287726,
0.290899,
0.288465,
0.285384,
0.286606,
0.285239,
0.284046,
0.283293,
0.284086,
0.28684,
0.286475,
0.286896,
0.289689,
0.286326,
0.284167,
0.285292,
0.286415,
0.283744,
0.283099,
0.28334,
0.282579,
0.28185,
0.282278,
0.282028,
0.283772,
0.281837,
0.282475,
0.282709,
0.28266,
0.282578,
0.282359,
0.28249,
0.282402,
0.282558,
0.282161,
0.281676,
0.281473,
0.281004,
0.281732,
0.281037,
0.281617,
0.281569,
0.281162,
0.281113,
0.281398,
0.281734,
0.281544,
0.281495,
0.281335,
0.283668,
0.28141,
0.280983,
0.280835,
0.281277,
0.281244,
0.281147,
0.280694,
0.280685,
0.281215,
0.280627,
0.280816,
0.280763,
0.280525,
0.281017,
0.280682,
0.281255,
0.281129,
0.280358,
0.282411,
0.281048,
0.281848,
0.282199,
0.281629,
0.281781,
0.281427,
0.281373,
0.280789,
0.280286,
0.279918,
0.282286,
0.283672,
0.281341,
0.282546,
0.282299,
0.282599,
0.282507,
0.28216,
0.282058,
0.28191,
0.2815,
0.281324,
0.281151,
0.281339,
0.281182,
0.281479,
0.281438,
0.281441,
0.281386,
0.281177,
0.281082,
0.281355,
0.280479,
0.280292,
0.280039,
0.280484,
0.279558,
0.282191,
0.285073,
0.287832,
0.281957,
0.281564,
0.282044,
0.281801,
0.281919,
0.281784,
0.281791,
0.281337,
0.280948,
0.28141,
0.281006,
0.280936,
0.280851,
0.280695,
0.280955,
0.280733,
0.281029,
0.280728,
0.281194,
0.280764,
0.280868,
0.280776,
0.280963,
0.280955,
0.280948,
0.280936,
0.280885,
0.280667,
0.280724,
0.280686,
0.280922,
0.280897,
0.280865,
0.280654,
0.28054,
0.280943,
0.280662,
0.280878,
0.281187,
0.280928,
0.280636,
0.280459,
0.280451,
0.280563,
0.280565,
0.280499,
0.280687,
0.30032,
0.299198,
0.298247,
0.297493,
0.297118,
0.29663,
0.296465,
0.296285,
0.29597,
0.295895,
0.295716,
0.29572,
0.295614,
0.295562,
0.295492,
0.295417,
0.295384,
0.29533,
0.295295,
0.295313,
0.295295,
0.295291,
0.295283,
0.295275,
0.295276,
0.295274,
0.295271,
0.295247,
0.295255,
0.295271,
0.29529,
0.295338,
0.295335,
0.29537,
0.295401,
0.295445,
0.295518,
0.295548,
0.295584,
0.295616,
0.295646,
0.295679,
0.295712,
0.295747,
0.295783,
0.29582,
0.295858,
0.295897,
0.295938,
0.295979,
0.296021,
0.296064,
0.296106,
0.296155,
0.296205,
0.296265,
0.296323,
0.296388,
0.29645,
0.296518,
0.296584,
0.296655,
0.296723,
0.296797,
0.296869,
0.296945,
0.29702,
0.297098,
0.297176,
0.297256,
0.297337,
0.297419,
0.297502,
0.297587,
0.297672,
0.297759,
0.297846,
0.297934,
0.298023,
0,
0,
0,
0,
0,
0,
0,
0,
0,
0,
0,
0,
0,
0,
0,
0,
0,
0,
0,
0,
0,
0,
0,
0,
0,
0,
0,
0,
0,
0,
0,
0,
0,
0,
0,
0,
0,
0,
0,
0,
0,
0,
0,
0,
0,
0,
0,
0,
0,
0,
0,
0,
0,
0,
0,
0,
0,
0,
0,
0,
0,
0,
0,
0,
0,
0,
0,
0,
0,
0,
0,
0,
0,
0,
0,
0,
0,
0,
0,
0,
0,
0,
0,
0,
0,
0,
0,
0,
0,
0,
0,
0,
0,
0,
0,
0,
0,
0,
0,
0,
0,
0,
0,
0,
0,
0,
0,
0,
0,
0,
0,
0,
0,
0,
0,
0,
0,
0,
0,
0,
0,
0,
0,
0,
0,
0,
0,
0,
0,
0,
0,
0,
0,
0,
0,
0,
0,
0,
0,
0,
0,
0,
0,
0,
0,
0,
0,
0,
0,
0,
0,
0,
0,
0,
0,
0,
0,
0,
0,
0,
0,
0,
0,
0,
0,
0,
0,
0,
0,
0,
0,
0,
0,
0,
0,
0,
0,
0,
0,
0,
0,
0,
0,
0,
0,
0,
0,
0,
0,
0,
0,
0,
0,
0,
0,
0,
0,
0,
0,
0,
0,
0,
0,
0,
0,
0,
0,
0,
0,
0,
0,
0,
0,
0,
0,
0,
0,
0,
0,
0,
0,
0,
0,
0,
0,
0,
0,
0,
0,
0,
0,
0,
0,
0,
0,
0,
0,
0,
0,
0,
0,
0,
0,
0,
0,
0,
0,
0,
0,
0,
0,
0,
0,
0,
0,
0,
0,
0,
0,
0,
0,
0,
0,
0,
0,
0,
0,
0,
0,
0,
0,
0,
0,
0,
0,
0,
0,
0,
0,
0,
0,
0,
0,
0,
0,
0,
0,
0,
0,
0,
0,
0,
0,
0,
0,
0,
0,
0,
0,
0,
0,
0,
0,
0,
0,
0,
0,
0,
0,
0,


Test errors: 
0.438635,
0.317842,
0.327112,
0.321854,
0.314333,
0.312053,
0.311573,
0.307967,
0.307956,
0.307819,
0.307853,
0.30785,
0.307837,
0.30783,
0.307828,
0.307829,
0.30783,
0.307831,
0.307831,
0.307831,
0.307831,
0.307831,
0.307831,
0.307831,
0.307832,
0.307832,
0.307832,
0.307832,
0.307832,
0.307832,
0.307833,
0.307833,
0.307833,
0.307833,
0.307833,
0.307833,
0.307833,
0.307834,
0.307834,
0.307834,
0.307834,
0.307834,
0.307834,
0.307835,
0.307835,
0.307835,
0.307835,
0.307835,
0.307835,
0.307836,
0.307836,
0.307836,
0.307836,
0.307836,
0.307836,
0.307836,
0.307837,
0.307837,
0.307837,
0.307837,
0.307837,
0.307837,
0.307838,
0.307838,
0.307838,
0.307838,
0.307838,
0.307838,
0.307839,
0.307839,
0.307839,
0.307839,
0.307839,
0.307839,
0.30784,
0.30784,
0.30784,
0.30784,
0.30784,
0.30784,
0.30784,
0.307841,
0.307841,
0.307841,
0.307841,
0.307841,
0.307841,
0.307842,
0.307842,
0.307842,
0.307842,
0.307842,
0.307842,
0.307843,
0.307843,
0.307843,
0.307843,
0.307843,
0.307843,
0.307844,
0.307844,
0.307844,
0.307844,
0.307844,
0.307844,
0.307845,
0.307845,
0.307845,
0.307845,
0.307845,
0.307845,
0.307846,
0.307846,
0.307846,
0.307846,
0.307846,
0.307846,
0.307847,
0.307847,
0.307847,
0.307847,
0.307847,
0.307847,
0.307848,
0.307848,
0.307848,
0.307848,
0.307848,
0.307848,
0.307849,
0.307849,
0.307849,
0.307849,
0.307849,
0.307849,
0.30785,
0.30785,
0.30785,
0.30785,
0.30785,
0.30785,
0.307851,
0.307851,
0.307851,
0.307851,
0.307851,
0.307851,
0.307852,
0.307852,
0.307852,
0.307852,
0.307852,
0.307852,
0.307853,
0.307853,
0.307853,
0.307853,
0.307853,
0.307853,
0.307854,
0.307854,
0.307854,
0.307854,
0.307854,
0.307854,
0.307855,
0.307855,
0.307855,
0.307855,
0.307855,
0.307855,
0.307856,
0.307856,
0.307856,
0.307856,
0.307856,
0.307856,
0.307857,
0.307857,
0.307857,
0.307857,
0.307857,
0.307857,
0.307858,
0.307858,
0.307858,
0.307858,
0.307858,
0.307859,
0.307859,
0.307859,
0.307859,
0.307859,
0.307859,
0.30786,
0.30786,
0.30786,
0.30786,
0.30786,
0.30786,
0.307861,
0.307861,
0.307861,
0.307861,
0.307861,
0.307861,
0.307862,
0.307862,
0.307862,
0.307862,
0.307862,
0.307863,
0.307863,
0.307863,
0.307863,
0.307863,
0.307863,
0.307864,
0.307864,
0.307864,
0.307864,
0.307864,
0.307864,
0.307865,
0.307865,
0.307865,
0.307865,
0.307865,
0.307866,
0.307866,
0.307866,
0.307866,
0.307866,
0.307866,
0.307867,
0.307867,
0.307867,
0.307867,
0.307867,
0.307867,
0.307868,
0.307868,
0.307868,
0.307868,
0.307868,
0.307869,
0.307869,
0.307869,
0.307869,
0.307869,
0.307869,
0.30787,
0.30787,
0.30787,
0.30787,
0.30787,
0.307871,
0.307871,
0.307871,
0.307871,
0.307871,
0.307871,
0.307872,
0.307872,
0.307872,
0.307872,
0.307872,
0.307873,
0.307873,
0.307873,
0.307873,
0.307873,
0.307873,
0.307874,
0.307874,
0.307874,
0.307874,
0.307874,
0.307875,
0.307875,
0.307875,
0.307875,
0.307875,
0.307875,
0.307876,
0.307876,
0.307876,
0.307876,
0.307876,
0.307877,
0.307877,
0.307877,
0.307877,
0.307877,
0.307877,
0.307878,
0.307878,
0.307878,
0.307878,
0.307878,
0.307879,
0.307879,
0.307879,
0.307858,
0.375497,
0.329602,
0.36171,
0.328646,
0.311586,
0.309989,
0.308402,
0.31166,
0.311178,
0.310485,
0.309883,
0.30958,
0.30955,
0.309354,
0.308948,
0.308299,
0.308946,
0.309509,
0.30925,
0.308225,
0.307556,
0.307673,
0.308603,
0.30865,
0.307763,
0.307616,
0.307615,
0.307681,
0.307744,
0.307736,
0.307722,
0.307718,
0.30772,
0.307727,
0.307736,
0.307748,
0.30776,
0.307773,
0.307788,
0.307803,
0.30782,
0.307838,
0.307856,
0.307876,
0.307896,
0.307916,
0.307937,
0.307956,
0.307973,
0.307983,
0.307982,
0.307951,
0.307852,
0.30759,
0.307138,
0.306524,
0.306247,
0.310106,
0.322277,
0.324529,
0.32007,
0.317648,
0.315902,
0.314131,
0.313489,
0.31336,
0.310963,
0.310378,
0.31027,
0.310193,
0.309009,
0.308931,
0.308903,
0.308894,
0.308898,
0.308911,
0.30893,
0.308952,
0.308977,
0.309004,
0.309032,
0.30906,
0.30909,
0.30912,
0.30915,
0.309181,
0.309212,
0.309243,
0.309275,
0.309308,
0.30934,
0.309373,
0.309407,
0.30944,
0.309474,
0.309509,
0.309543,
0.309579,
0.309614,
0.30965,
0.309686,
0.309723,
0.309759,
0.309797,
0.309834,
0.309872,
0.309911,
0.30995,
0.309989,
0.310028,
0.310068,
0.310108,
0.310149,
0.31019,
0.310232,
0.310273,
0.310316,
0.310358,
0.310401,
0.310445,
0.310488,
0.310532,
0.310577,
0.310622,
0.308945,
0.278396,
0.273732,
0.272948,
0.278093,
0.280303,
0.280277,
0.279208,
0.280168,
0.280133,
0.280749,
0.286017,
0.288387,
0.288459,
0.288369,
0.288544,
0.288559,
0.288355,
0.288217,
0.286526,
0.287169,
0.288161,
0.288672,
0.287299,
0.286313,
0.284123,
0.28387,
0.282213,
0.281958,
0.278202,
0.287965,
0.289186,
0.28723,
0.286607,
0.285941,
0.284683,
0.280701,
0.27949,
0.277265,
0.275064,
0.278089,
0.283843,
0.285593,
0.284832,
0.287036,
0.288168,
0.287182,
0.287128,
0.288038,
0.288474,
0.286248,
0.280818,
0.284811,
0.286346,
0.286797,
0.286387,
0.286182,
0.286126,
0.285671,
0.286039,
0.286619,
0.285941,
0.285717,
0.285067,
0.284752,
0.283788,
0.284623,
0.285136,
0.28484,
0.284534,
0.284066,
0.284528,
0.284384,
0.284476,
0.284726,
0.281423,
0.278816,
0.279987,
0.283574,
0.283641,
0.280449,
0.280169,
0.282139,
0.283599,
0.28291,
0.282189,
0.282709,
0.283278,
0.284006,
0.282872,
0.282373,
0.283279,
0.283578,
0.282357,
0.282818,
0.279492,
0.282498,
0.28482,
0.284486,
0.284386,
0.283783,
0.283667,
0.283956,
0.283184,
0.282721,
0.28215,
0.279698,
0.2781,
0.283536,
0.283348,
0.284221,
0.28503,
0.284547,
0.284321,
0.284309,
0.284101,
0.284238,
0.284201,
0.284109,
0.283451,
0.284021,
0.28471,
0.284485,
0.28421,
0.283903,
0.283713,
0.283375,
0.281773,
0.282527,
0.282518,
0.282476,
0.28138,
0.280885,
0.279222,
0.274308,
0.272516,
0.279857,
0.283496,
0.283472,
0.283507,
0.283189,
0.283638,
0.284351,
0.283696,
0.283643,
0.282581,
0.2836,
0.283589,
0.283452,
0.283526,
0.283515,
0.28349,
0.282925,
0.283453,
0.283475,
0.283424,
0.282869,
0.283396,
0.283939,
0.283737,
0.283617,
0.283501,
0.283382,
0.283341,
0.282935,
0.283301,
0.28398,
0.283481,
0.283317,
0.283259,
0.283232,
0.282219,
0.282829,
0.283919,
0.284183,
0.283955,
0.283188,
0.283099,
0.283069,
0.283122,
0.283099,
0.283075,
0.282093,
0.306335,
0.305454,
0.305094,
0.30462,
0.304189,
0.304038,
0.303767,
0.303661,
0.30373,
0.303724,
0.30371,
0.303431,
0.303283,
0.303291,
0.303286,
0.303392,
0.303454,
0.303421,
0.303466,
0.303601,
0.303724,
0.303764,
0.303805,
0.303847,
0.303892,
0.303939,
0.303987,
0.304036,
0.304093,
0.30418,
0.304263,
0.304349,
0.304429,
0.30449,
0.304607,
0.304672,
0.30473,
0.30488,
0.304987,
0.305061,
0.305152,
0.305219,
0.305287,
0.305352,
0.305385,
0.305439,
0.305505,
0.305577,
0.305652,
0.305728,
0.305805,
0.305885,
0.305966,
0.306053,
0.306147,
0.306245,
0.306339,
0.306425,
0.306548,
0.306658,
0.306748,
0.306839,
0.306971,
0.307093,
0.307191,
0.307288,
0.307416,
0.307546,
0.307657,
0.307761,
0.307884,
0.308016,
0.308137,
0.30825,
0.308371,
0.308502,
0.308629,
0.30875,
0.304677,
0.295796,
0.295796,
0.295796,
0.295796,
0.295796,
0.295796,
0.295797,
0.295797,
0.295797,
0.295797,
0.295797,
0.295797,
0.295797,
0.295797,
0.295797,
0.295797,
0.295797,
0.295797,
0.295797,
0.295797,
0.295797,
0.295797,
0.295797,
0.295797,
0.295797,
0.295797,
0.295797,
0.295797,
0.295797,
0.295797,
0.295798,
0.295798,
0.295798,
0.295798,
0.295798,
0.295798,
0.295798,
0.295798,
0.295798,
0.295798,
0.295798,
0.295798,
0.295798,
0.295798,
0.295798,
0.295798,
0.295798,
0.295798,
0.295798,
0.295798,
0.295798,
0.295798,
0.295798,
0.295799,
0.295799,
0.295799,
0.295799,
0.295799,
0.295799,
0.295799,
0.295799,
0.295799,
0.295799,
0.295799,
0.295799,
0.295799,
0.295799,
0.295799,
0.295799,
0.295799,
0.295799,
0.295799,
0.295799,
0.295799,
0.295799,
0.2958,
0.2958,
0.2958,
0.2958,
0.2958,
0.2958,
0.2958,
0.2958,
0.2958,
0.2958,
0.2958,
0.2958,
0.2958,
0.2958,
0.2958,
0.2958,
0.2958,
0.2958,
0.2958,
0.2958,
0.2958,
0.2958,
0.2958,
0.295801,
0.295801,
0.295801,
0.295801,
0.295801,
0.295801,
0.295801,
0.295801,
0.295801,
0.295801,
0.295801,
0.295801,
0.295801,
0.295801,
0.295801,
0.295801,
0.295801,
0.295801,
0.295801,
0.295801,
0.295801,
0.295801,
0.295802,
0.295802,
0.295802,
0.295802,
0.295802,
0.295802,
0.295802,
0.295802,
0.295802,
0.295802,
0.378365,
0.313225,
0.341179,
0.312647,
0.299965,
0.300217,
0.300215,
0.298874,
0.299478,
0.299224,
0.298906,
0.298955,
0.299067,
0.299166,
0.299121,
0.299294,
0.299335,
0.29961,
0.299633,
0.299349,
0.299855,
0.299621,
0.299755,
0.299896,
0.299764,
0.299877,
0.29995,
0.300032,
0.300125,
0.30022,
0.300315,
0.300409,
0.300504,
0.3006,
0.300697,
0.300795,
0.300893,
0.300993,
0.301092,
0.301193,
0.301295,
0.301397,
0.3015,
0.301604,
0.301708,
0.301813,
0.301919,
0.302026,
0.302134,
0.302242,
0.302351,
0.30246,
0.302569,
0.302672,
0.302711,
0.302445,
0.302378,
0.302211,
0.305634,
0.307234,
0.30462,
0.302919,
0.300792,
0.299876,
0.299557,
0.299586,
0.299042,
0.29818,
0.29799,
0.296837,
0.296411,
0.296406,
0.296406,
0.296409,
0.296415,
0.296422,
0.296429,
0.296437,
0.296445,
0.296453,
0.296461,
0.296469,
0.296478,
0.296486,
0.296495,
0.296504,
0.296513,
0.296522,
0.296531,
0.29654,
0.296549,
0.296559,
0.296568,
0.296578,
0.296587,
0.296597,
0.296607,
0.296617,
0.296627,
0.296637,
0.296647,
0.296658,
0.296668,
0.296679,
0.296689,
0.2967,
0.296711,
0.296722,
0.296733,
0.296744,
0.296756,
0.296767,
0.296779,
0.29679,
0.296802,
0.296814,
0.296826,
0.296838,
0.29685,
0.296863,
0.296875,
0.296888,
0.2969,
0.296913,
0.296926,
0.292006,
0.287398,
0.286984,
0.283546,
0.284879,
0.285175,
0.286001,
0.285898,
0.288237,
0.287777,
0.285425,
0.28622,
0.286029,
0.285653,
0.28572,
0.28579,
0.28554,
0.285182,
0.285151,
0.285074,
0.284959,
0.285365,
0.284837,
0.285361,
0.287908,
0.287321,
0.287726,
0.290899,
0.288465,
0.285384,
0.286606,
0.285239,
0.284046,
0.283293,
0.284086,
0.28684,
0.286475,
0.286896,
0.289689,
0.286326,
0.284167,
0.285292,
0.286415,
0.283744,
0.283099,
0.28334,
0.282579,
0.28185,
0.282278,
0.282028,
0.283772,
0.281837,
0.282475,
0.282709,
0.28266,
