FINAL REPORT
************
Train error (Mean +- SD): 0.288863 +- 4.48557e-05
Test error (Mean +- SD): 0.300953 +- 7.03585e-05
Train CCR (Mean +- SD): 0.719136 +- 3.81039e-05
Test CCR (Mean +- SD): 0.703448 +- 4.75624e-05
CONVERGENCE DATA
****************


Iterations: 
1,
2,
3,
4,
5,
6,
7,
8,
9,
10,
11,
12,
13,
14,
15,
16,
17,
18,
19,
20,
21,
22,
23,
24,
25,
26,
27,
28,
29,
30,
31,
32,
33,
34,
35,
36,
37,
38,
39,
40,
41,
42,
43,
44,
45,
46,
47,
48,
49,
50,
51,
52,
53,
54,
55,
56,
57,
58,
59,
60,
61,
62,
63,
64,
65,
66,
67,
68,
69,
70,
71,
72,
73,
74,
75,
76,
77,
78,
79,
80,
81,
82,
83,
84,
85,
86,
87,
88,
89,
90,
91,
92,
93,
94,
95,
96,
97,
98,
99,
100,
101,
102,
103,
104,
105,
106,
107,
108,
109,
110,
111,
112,
113,
114,
115,
116,
117,
118,
119,
120,
121,
122,
123,
124,
125,
126,
127,
128,
129,
130,
131,
132,
133,
134,
135,
136,
137,
138,
139,
140,
141,
142,
143,
144,
145,
146,
147,
148,
149,
150,
151,
152,
153,
154,
155,
156,
157,
158,
159,
160,
161,
162,
163,
164,
165,
166,
167,
168,
169,
170,
171,
172,
173,
174,
175,
176,
177,
178,
179,
180,
181,
182,
183,
184,
185,
186,
187,
188,
189,
190,
191,
192,
193,
194,
195,
196,
197,
198,
199,
200,
201,
202,
203,
204,
205,
206,
207,
208,
209,
210,
211,
212,
213,
214,
215,
216,
217,
218,
219,
220,
221,
222,
223,
224,
225,
226,
227,
228,
229,
230,
231,
232,
233,
234,
235,
236,
237,
238,
239,
240,
241,
242,
243,
244,
245,
246,
247,
248,
249,
250,
251,
252,
253,
254,
255,
256,
257,
258,
259,
260,
261,
262,
263,
264,
265,
266,
267,
268,
269,
270,
271,
272,
273,
274,
275,
276,
277,
278,
279,
280,
281,
282,
283,
284,
285,
286,
287,
288,
289,
290,
291,
292,
293,
294,
295,
296,
297,
298,
299,
300,
301,
302,
303,
304,
305,
306,
307,
308,
309,
310,
311,
312,
313,
314,
315,
316,
317,
318,
319,
320,
321,
322,
323,
324,
325,
326,
327,
328,
329,
330,
331,
332,
333,
334,
335,
336,
337,
338,
339,
340,
341,
342,
343,
344,
345,
346,
347,
348,
349,
350,
351,
352,
353,
354,
355,
356,
357,
358,
359,
360,
361,
362,
363,
364,
365,
366,
367,
368,
369,
370,
371,
372,
373,
374,
375,
376,
377,
378,
379,
380,
381,
382,
383,
384,
385,
386,
387,
388,
389,
390,
391,
392,
393,
394,
395,
396,
397,
398,
399,
400,
401,
402,
403,
404,
405,
406,
407,
408,
409,
410,
411,
412,
413,
414,
415,
416,
417,
418,
419,
420,
421,
422,
423,
424,
425,
426,
427,
428,
429,
430,
431,
432,
433,
434,
435,
436,
437,
438,
439,
440,
441,
442,
443,
444,
445,
446,
447,
448,
449,
450,
451,
452,
453,
454,
455,
456,
457,
458,
459,
460,
461,
462,
463,
464,
465,
466,
467,
468,
469,
470,
471,
472,
473,
474,
475,
476,
477,
478,
479,
480,
481,
482,
483,
484,
485,
486,
487,
488,
489,
490,
491,
492,
493,
494,
495,
496,
497,
498,
499,
500,
501,
502,
503,
504,
505,
506,
507,
508,
509,
510,
511,
512,
513,
514,
515,
516,
517,
518,
519,
520,
521,
522,
523,
524,
525,
526,
527,
528,
529,
530,
531,
532,
533,
534,
535,
536,
537,
538,
539,
540,
541,
542,
543,
544,
545,
546,
547,
548,
549,
550,
551,
552,
553,
554,
555,
556,
557,
558,
559,
560,
561,
562,
563,
564,
565,
566,
567,
568,
569,
570,
571,
572,
573,
574,
575,
576,
577,
578,
579,
580,
581,
582,
583,
584,
585,
586,
587,
588,
589,
590,
591,
592,
593,
594,
595,
596,
597,
598,
599,
600,
601,
602,
603,
604,
605,
606,
607,
608,
609,
610,
611,
612,
613,
614,
615,
616,
617,
618,
619,
620,
621,
622,
623,
624,
625,
626,
627,
628,
629,
630,
631,
632,
633,
634,
635,
636,
637,
638,
639,
640,
641,
642,
643,
644,
645,
646,
647,
648,
649,
650,
651,
652,
653,
654,
655,
656,
657,
658,
659,
660,
661,
662,
663,
664,
665,
666,
667,
668,
669,
670,
671,
672,
673,
674,
675,
676,
677,
678,
679,
680,
681,
682,
683,
684,
685,
686,
687,
688,
689,
690,
691,
692,
693,
694,
695,
696,
697,
698,
699,
700,
701,
702,
703,
704,
705,
706,
707,
708,
709,
710,
711,
712,
713,
714,
715,
716,
717,
718,
719,
720,
721,
722,
723,
724,
725,
726,
727,
728,
729,
730,
731,
732,
733,
734,
735,
736,
737,
738,
739,
740,
741,
742,
743,
744,
745,
746,
747,
748,
749,
750,
751,
752,
753,
754,
755,
756,
757,
758,
759,
760,
761,
762,
763,
764,
765,
766,
767,
768,
769,
770,
771,
772,
773,
774,
775,
776,
777,
778,
779,
780,
781,
782,
783,
784,
785,
786,
787,
788,
789,
790,
791,
792,
793,
794,
795,
796,
797,
798,
799,
800,
801,
802,
803,
804,
805,
806,
807,
808,
809,
810,
811,
812,
813,
814,
815,
816,
817,
818,
819,
820,
821,
822,
823,
824,
825,
826,
827,
828,
829,
830,
831,
832,
833,
834,
835,
836,
837,
838,
839,
840,
841,
842,
843,
844,
845,
846,
847,
848,
849,
850,
851,
852,
853,
854,
855,
856,
857,
858,
859,
860,
861,
862,
863,
864,
865,
866,
867,
868,
869,
870,
871,
872,
873,
874,
875,
876,
877,
878,
879,
880,
881,
882,
883,
884,
885,
886,
887,
888,
889,
890,
891,
892,
893,
894,
895,
896,
897,
898,
899,
900,
901,
902,
903,
904,
905,
906,
907,
908,
909,
910,
911,
912,
913,
914,
915,
916,
917,
918,
919,
920,
921,
922,
923,
924,
925,
926,
927,
928,
929,
930,
931,
932,
933,
934,
935,
936,
937,
938,
939,
940,
941,
942,
943,
944,
945,
946,
947,
948,
949,
950,
951,
952,
953,
954,
955,
956,
957,
958,
959,
960,
961,
962,
963,
964,
965,
966,
967,
968,
969,
970,
971,
972,
973,
974,
975,
976,
977,
978,
979,
980,
981,
982,
983,
984,
985,
986,
987,
988,
989,
990,
991,
992,
993,
994,
995,
996,
997,
998,
999,
1000,


Train errors: 
0.315638,
0.460213,
0.301493,
0.390298,
0.295147,
0.395937,
0.305777,
0.357658,
0.295946,
0.362643,
0.310129,
0.330059,
0.301938,
0.331759,
0.312202,
0.313892,
0.305625,
0.315727,
0.310888,
0.30519,
0.306413,
0.307544,
0.310555,
0.301145,
0.306344,
0.302699,
0.308873,
0.297844,
0.305231,
0.299202,
0.300325,
0.31846,
0.293175,
0.324243,
0.296572,
0.319192,
0.293465,
0.342291,
0.291784,
0.33438,
0.291298,
0.341415,
0.288363,
0.334035,
0.291391,
0.339867,
0.288324,
0.329951,
0.290022,
0.331376,
0.288567,
0.314568,
0.288537,
0.306878,
0.291194,
0.297498,
0.29114,
0.293883,
0.291935,
0.290572,
0.291433,
0.289249,
0.291021,
0.288308,
0.290425,
0.287958,
0.289711,
0.287822,
0.289233,
0.287804,
0.288666,
0.287804,
0.288368,
0.287838,
0.288024,
0.287795,
0.28787,
0.287799,
0.287679,
0.287576,
0.287089,
0.287402,
0.287107,
0.286983,
0.287028,
0.286925,
0.286679,
0.286759,
0.286571,
0.286458,
0.286755,
0.286417,
0.286515,
0.286308,
0.28622,
0.286131,
0.285792,
0.285726,
0.285689,
0.285359,
0.284907,
0.285466,
0.284986,
0.285015,
0.284984,
0.284857,
0.285453,
0.284828,
0.28478,
0.284743,
0.284761,
0.284763,
0.284781,
0.284788,
0.284808,
0.284815,
0.284831,
0.284842,
0.284858,
0.284868,
0.284878,
0.284881,
0.284882,
0.284872,
0.284841,
0.284818,
0.284822,
0.28483,
0.284838,
0.284847,
0.284855,
0.284864,
0.284872,
0.28488,
0.284889,
0.284897,
0.284906,
0.284915,
0.284923,
0.284932,
0.284941,
0.284949,
0.284958,
0.284967,
0.284976,
0.284985,
0.284993,
0.285002,
0.285011,
0.28502,
0.285029,
0.285038,
0.285047,
0.285057,
0.285066,
0.285075,
0.285084,
0.285093,
0.285103,
0.285112,
0.307822,
0.307997,
0.307737,
0.303615,
0.30226,
0.301321,
0.301682,
0.298939,
0.297874,
0.297384,
0.297945,
0.297339,
0.297351,
0.297087,
0.297392,
0.296983,
0.296671,
0.296512,
0.296557,
0.296713,
0.296087,
0.297001,
0.297823,
0.295764,
0.297129,
0.296733,
0.295034,
0.297747,
0.29793,
0.29763,
0.295027,
0.296517,
0.296408,
0.294966,
0.294794,
0.294286,
0.294193,
0.294164,
0.294241,
0.294189,
0.293508,
0.289828,
0.289231,
0.288087,
0.287465,
0.287534,
0.28746,
0.287513,
0.287114,
0.286524,
0.286304,
0.286383,
0.286307,
0.286393,
0.286303,
0.286376,
0.286306,
0.286386,
0.286304,
0.286371,
0.286307,
0.286379,
0.286307,
0.286365,
0.286309,
0.286373,
0.286311,
0.286361,
0.286312,
0.286368,
0.286315,
0.286357,
0.286317,
0.286364,
0.28632,
0.286354,
0.286321,
0.286361,
0.286326,
0.286352,
0.286326,
0.286358,
0.286331,
0.286351,
0.286331,
0.286357,
0.286336,
0.28635,
0.286336,
0.286356,
0.286341,
0.286349,
0.286338,
0.286348,
0.286317,
0.285649,
0.285268,
0.283673,
0.283638,
0.283661,
0.283635,
0.283662,
0.283632,
0.283651,
0.28363,
0.283653,
0.283629,
0.283643,
0.283626,
0.283644,
0.283625,
0.283635,
0.283623,
0.283637,
0.283622,
0.283629,
0.283619,
0.28363,
0.283619,
0.283623,
0.283616,
0.283624,
0.283617,
0.283618,
0.283614,
0.283619,
0.283614,
0.283614,
0.283611,
0.283614,
0.283612,
0.28361,
0.283609,
0.28361,
0.28361,
0.283607,
0.283607,
0.283607,
0.283608,
0.283605,
0.283605,
0.283605,
0.283606,
0.283603,
0.283603,
0.283603,
0.283605,
0.283602,
0.283602,
0.283602,
0.283604,
0.283601,
0.283602,
0.283601,
0.283603,
0.283601,
0.283601,
0.283601,
0.283603,
0.283601,
0.283602,
0.283601,
0.283603,
0.283602,
0.283602,
0.283602,
0.283604,
0.283603,
0.283604,
0.283604,
0.283606,
0.283605,
0.283606,
0.283606,
0.283607,
0.283607,
0.283608,
0.283608,
0.28361,
0.28361,
0.283611,
0.283612,
0.283613,
0.283614,
0.283614,
0.283615,
0.283617,
0.283618,
0.283619,
0.28362,
0.283621,
0.283622,
0.283623,
0.283625,
0.283626,
0.283628,
0.283629,
0.28363,
0.283632,
0.283634,
0.283635,
0.283637,
0.283639,
0.28364,
0.283642,
0.283644,
0.283646,
0.283648,
0.283649,
0.283651,
0.283653,
0.283656,
0.283658,
0.28366,
0.283662,
0.283664,
0.283667,
0.283669,
0.283671,
0.283674,
0.283676,
0.283679,
0.283681,
0.283684,
0.283687,
0.283689,
0.283692,
0.283695,
0.283698,
0.283701,
0.366425,
0.343532,
0.336019,
0.327079,
0.323876,
0.32241,
0.327349,
0.326837,
0.328255,
0.327206,
0.327942,
0.312137,
0.314208,
0.304545,
0.307156,
0.303179,
0.304198,
0.312893,
0.308055,
0.317716,
0.30116,
0.336741,
0.305178,
0.344187,
0.299132,
0.370535,
0.301174,
0.371715,
0.304501,
0.40193,
0.299489,
0.387974,
0.315085,
0.421541,
0.300143,
0.39304,
0.325716,
0.430241,
0.301969,
0.39211,
0.334712,
0.432628,
0.30438,
0.388638,
0.342463,
0.432022,
0.307191,
0.384202,
0.349509,
0.430109,
0.310303,
0.379516,
0.356091,
0.427673,
0.313596,
0.374948,
0.362224,
0.425088,
0.316934,
0.370711,
0.367833,
0.422546,
0.320179,
0.366926,
0.372836,
0.420149,
0.323222,
0.363642,
0.377186,
0.417951,
0.325993,
0.36086,
0.380885,
0.415977,
0.328457,
0.403584,
0.326318,
0.345122,
0.296835,
0.306805,
0.29928,
0.29704,
0.297377,
0.296277,
0.296821,
0.296033,
0.295841,
0.295923,
0.296138,
0.296332,
0.295962,
0.295692,
0.295767,
0.295576,
0.295699,
0.295787,
0.295889,
0.296011,
0.295833,
0.295535,
0.294567,
0.294699,
0.294493,
0.294648,
0.294805,
0.294966,
0.295131,
0.2953,
0.295471,
0.295644,
0.29582,
0.296,
0.296182,
0.296368,
0.296556,
0.296748,
0.296944,
0.297143,
0.297345,
0.29755,
0.29776,
0.297973,
0.29819,
0.29841,
0.298635,
0.298864,
0.299096,
0.299333,
0.299574,
0.29982,
0.30007,
0.300325,
0.300584,
0.300848,
0.301117,
0.301391,
0.30167,
0.301954,
0.302243,
0.302538,
0.302838,
0.303144,
0.303455,
0.303773,
0.304096,
0.304426,
0.304762,
0.305104,
0.305452,
0.305808,
0.30617,
0.306539,
0.306914,
0.804433,
0.340404,
0.405569,
0.304917,
0.299185,
0.291651,
0.287402,
0.287132,
0.286846,
0.287643,
0.288022,
0.289251,
0.290729,
0.290931,
0.290011,
0.288197,
0.288046,
0.287709,
0.287496,
0.286954,
0.287209,
0.286569,
0.286153,
0.283702,
0.288332,
0.285992,
0.287469,
0.286363,
0.286004,
0.285027,
0.284578,
0.283743,
0.283742,
0.283742,
0.283743,
0.283743,
0.283744,
0.283744,
0.283745,
0.283746,
0.283747,
0.283747,
0.283748,
0.283749,
0.283749,
0.283749,
0.283749,
0.283746,
0.283731,
0.283652,
0.283385,
0.2828,
0.282467,
0.282411,
0.282347,
0.282376,
0.282353,
0.282352,
0.282353,
0.282354,
0.282355,
0.282356,
0.282358,
0.282359,
0.28236,
0.282361,
0.282362,
0.282364,
0.282365,
0.282366,
0.282367,
0.282369,
0.28237,
0.282371,
0.282373,
0.282374,
0.282375,
0.282376,
0.282378,
0.282379,
0.28238,
0.282381,
0.282383,
0.282384,
0.282385,
0.282386,
0.282388,
0.282389,
0.28239,
0.282392,
0.282393,
0.282394,
0.282395,
0.282397,
0.282398,
0.282399,
0.282401,
0.282402,
0.282403,
0.282404,
0.282406,
0.282407,
0.282408,
0.28241,
0.282411,
0.282412,
0.282414,
0.282415,
0.282416,
0.282417,
0.282419,
0.28242,
0,
0,
0,
0,
0,
0,
0,
0,
0,
0,
0,
0,
0,
0,
0,
0,
0,
0,
0,
0,
0,
0,
0,
0,
0,
0,
0,
0,
0,
0,
0,
0,
0,
0,
0,
0,
0,
0,
0,
0,
0,
0,
0,
0,
0,
0,
0,
0,
0,
0,
0,
0,
0,
0,
0,
0,
0,
0,
0,
0,
0,
0,
0,
0,
0,
0,
0,
0,
0,
0,
0,
0,
0,
0,
0,
0,
0,
0,
0,
0,
0,
0,
0,
0,
0,
0,
0,
0,
0,
0,
0,
0,
0,
0,
0,
0,
0,
0,
0,
0,
0,
0,
0,
0,
0,
0,
0,
0,
0,
0,
0,
0,
0,
0,
0,
0,
0,
0,
0,
0,
0,
0,
0,
0,
0,
0,
0,
0,
0,
0,
0,
0,
0,
0,
0,
0,
0,
0,
0,
0,
0,
0,
0,
0,
0,
0,
0,
0,
0,
0,
0,
0,
0,
0,
0,
0,
0,
0,
0,
0,
0,
0,
0,
0,
0,
0,
0,
0,
0,
0,
0,
0,
0,
0,
0,
0,
0,
0,
0,
0,
0,
0,
0,
0,
0,
0,
0,
0,
0,
0,
0,
0,
0,
0,
0,
0,
0,
0,
0,
0,
0,
0,
0,
0,
0,
0,
0,
0,
0,
0,
0,
0,
0,
0,
0,
0,
0,
0,
0,
0,
0,
0,
0,
0,
0,
0,
0,
0,
0,
0,
0,
0,
0,
0,
0,
0,
0,
0,
0,
0,
0,
0,
0,
0,
0,
0,
0,
0,
0,
0,
0,
0,
0,
0,
0,
0,
0,
0,
0,
0,
0,
0,
0,
0,
0,
0,
0,
0,
0,
0,
0,
0,
0,
0,
0,
0,
0,
0,
0,
0,
0,
0,
0,
0,
0,
0,
0,
0,
0,
0,
0,
0,
0,
0,
0,
0,
0,
0,
0,
0,
0,
0,
0,
0,
0,
0,
0,
0,
0,
0,
0,
0,
0,
0,
0,
0,
0,
0,
0,
0,
0,
0,
0,
0,
0,
0,
0,
0,
0,
0,
0,
0,
0,
0,
0,
0,
0,
0,
0,
0,
0,
0,
0,
0,
0,


Test errors: 
0.340492,
0.496793,
0.31745,
0.382731,
0.3045,
0.424594,
0.319415,
0.342348,
0.296662,
0.386457,
0.323485,
0.324584,
0.304152,
0.348977,
0.325972,
0.313871,
0.304958,
0.329362,
0.323548,
0.305543,
0.308079,
0.320988,
0.324619,
0.304734,
0.307699,
0.31456,
0.322173,
0.300773,
0.30482,
0.308734,
0.305204,
0.298264,
0.281425,
0.327682,
0.291928,
0.294963,
0.273524,
0.349341,
0.282481,
0.330791,
0.300526,
0.359766,
0.294626,
0.330673,
0.300424,
0.359008,
0.293786,
0.323543,
0.298763,
0.348254,
0.295356,
0.315128,
0.294994,
0.319831,
0.300697,
0.301151,
0.296307,
0.304202,
0.301639,
0.295671,
0.296388,
0.297887,
0.300436,
0.294737,
0.295657,
0.295464,
0.298562,
0.294888,
0.294885,
0.294715,
0.29695,
0.295197,
0.294439,
0.294437,
0.295802,
0.295286,
0.294298,
0.294288,
0.295068,
0.295156,
0.294298,
0.294164,
0.294478,
0.294767,
0.294323,
0.294116,
0.294277,
0.294495,
0.294247,
0.294037,
0.294088,
0.294253,
0.294162,
0.293992,
0.293977,
0.293492,
0.293418,
0.293304,
0.292915,
0.292052,
0.291762,
0.292748,
0.291466,
0.290688,
0.290082,
0.29131,
0.293097,
0.291474,
0.291032,
0.290557,
0.290262,
0.290417,
0.290495,
0.290363,
0.290295,
0.290387,
0.290475,
0.29041,
0.290335,
0.29037,
0.290437,
0.290413,
0.290349,
0.290335,
0.290315,
0.290244,
0.2902,
0.290194,
0.290222,
0.29024,
0.29023,
0.290223,
0.29024,
0.290258,
0.290257,
0.290252,
0.290262,
0.290278,
0.290282,
0.29028,
0.290286,
0.290298,
0.290306,
0.290307,
0.29031,
0.29032,
0.290329,
0.290332,
0.290336,
0.290344,
0.290352,
0.290357,
0.290361,
0.290368,
0.290376,
0.290382,
0.290387,
0.290393,
0.2904,
0.305496,
0.324261,
0.325357,
0.321938,
0.321085,
0.319888,
0.31849,
0.317913,
0.313298,
0.312602,
0.312082,
0.311412,
0.311648,
0.313675,
0.313466,
0.312781,
0.313071,
0.314859,
0.315183,
0.314186,
0.31454,
0.315819,
0.319157,
0.319248,
0.315898,
0.314699,
0.316593,
0.316859,
0.322814,
0.322697,
0.323466,
0.319232,
0.316498,
0.309737,
0.306632,
0.304708,
0.304629,
0.305101,
0.304903,
0.304224,
0.304126,
0.304622,
0.30079,
0.296953,
0.295944,
0.296139,
0.296422,
0.295798,
0.295639,
0.296089,
0.295906,
0.294403,
0.294201,
0.294636,
0.295004,
0.294427,
0.294204,
0.294584,
0.294959,
0.294449,
0.294208,
0.294539,
0.294915,
0.294468,
0.294213,
0.294499,
0.29487,
0.294484,
0.294219,
0.294464,
0.294827,
0.294497,
0.294226,
0.294434,
0.294784,
0.294507,
0.294233,
0.294407,
0.294742,
0.294514,
0.29424,
0.294383,
0.294702,
0.294517,
0.294248,
0.294362,
0.294664,
0.294519,
0.294255,
0.294344,
0.294627,
0.294517,
0.294262,
0.294327,
0.294591,
0.294509,
0.294022,
0.291625,
0.285642,
0.285247,
0.284976,
0.285261,
0.285543,
0.285196,
0.284925,
0.285165,
0.285448,
0.285162,
0.284888,
0.285081,
0.285356,
0.285124,
0.284853,
0.285002,
0.285265,
0.285082,
0.284817,
0.284927,
0.285175,
0.285035,
0.284779,
0.284855,
0.285086,
0.284984,
0.28474,
0.284786,
0.284998,
0.284928,
0.284699,
0.284719,
0.284912,
0.284869,
0.284655,
0.284653,
0.284827,
0.284806,
0.284609,
0.284589,
0.284743,
0.28474,
0.284561,
0.284525,
0.28466,
0.284672,
0.28451,
0.284462,
0.284579,
0.284601,
0.284456,
0.284399,
0.284498,
0.284529,
0.284401,
0.284335,
0.284419,
0.284455,
0.284342,
0.284272,
0.28434,
0.28438,
0.284282,
0.284208,
0.284262,
0.284303,
0.284219,
0.284144,
0.284184,
0.284226,
0.284154,
0.284079,
0.284108,
0.284148,
0.284087,
0.284013,
0.284031,
0.28407,
0.284018,
0.283946,
0.283955,
0.283991,
0.283948,
0.283878,
0.28388,
0.283912,
0.283877,
0.28381,
0.283804,
0.283832,
0.283804,
0.28374,
0.283728,
0.283753,
0.283729,
0.28367,
0.283653,
0.283673,
0.283654,
0.283599,
0.283578,
0.283593,
0.283578,
0.283526,
0.283502,
0.283514,
0.283501,
0.283453,
0.283426,
0.283434,
0.283424,
0.28338,
0.283351,
0.283355,
0.283346,
0.283305,
0.283275,
0.283275,
0.283267,
0.28323,
0.283199,
0.283196,
0.283188,
0.283154,
0.283122,
0.283116,
0.283109,
0.283078,
0.283046,
0.283037,
0.28303,
0.283001,
0.284381,
0.411953,
0.363606,
0.373071,
0.353097,
0.349119,
0.347774,
0.352788,
0.354565,
0.352564,
0.342362,
0.33811,
0.32129,
0.32341,
0.321472,
0.321744,
0.311306,
0.312109,
0.328693,
0.3229,
0.323406,
0.310271,
0.356052,
0.319399,
0.347367,
0.310573,
0.393508,
0.314153,
0.373122,
0.318668,
0.427802,
0.311234,
0.388679,
0.331582,
0.449104,
0.310988,
0.393806,
0.343925,
0.458551,
0.312212,
0.393314,
0.354183,
0.461175,
0.314212,
0.390444,
0.36295,
0.460576,
0.31673,
0.386683,
0.370885,
0.458581,
0.319637,
0.382704,
0.378278,
0.456039,
0.322805,
0.378854,
0.385162,
0.453355,
0.326094,
0.375331,
0.391462,
0.450738,
0.329366,
0.372246,
0.3971,
0.4483,
0.332508,
0.369646,
0.402032,
0.446101,
0.335444,
0.367529,
0.406264,
0.444166,
0.310781,
0.406331,
0.336928,
0.346978,
0.304783,
0.313642,
0.307405,
0.30794,
0.307958,
0.305079,
0.304954,
0.304795,
0.30536,
0.305391,
0.305156,
0.305219,
0.305385,
0.305594,
0.305673,
0.30573,
0.305852,
0.306016,
0.306175,
0.306306,
0.306432,
0.303646,
0.302312,
0.302443,
0.302584,
0.302755,
0.302945,
0.303135,
0.30332,
0.303505,
0.303696,
0.303893,
0.304092,
0.304291,
0.304493,
0.304699,
0.304909,
0.305122,
0.305337,
0.305556,
0.305778,
0.306004,
0.306234,
0.306467,
0.306704,
0.306945,
0.30719,
0.307439,
0.307692,
0.307949,
0.308211,
0.308477,
0.308748,
0.309024,
0.309304,
0.309589,
0.309879,
0.310174,
0.310475,
0.31078,
0.311092,
0.311408,
0.311731,
0.312059,
0.312393,
0.312733,
0.31308,
0.313433,
0.313792,
0.314158,
0.31453,
0.31491,
0.315296,
0.31569,
0.302535,
0.789752,
0.333336,
0.420164,
0.315684,
0.306655,
0.2847,
0.283483,
0.285703,
0.285144,
0.284457,
0.284218,
0.284173,
0.284137,
0.27896,
0.279825,
0.283971,
0.288017,
0.286871,
0.28598,
0.285005,
0.283867,
0.284727,
0.28509,
0.282262,
0.272439,
0.28046,
0.286757,
0.28907,
0.289265,
0.288084,
0.286949,
0.284952,
0.284936,
0.285002,
0.285081,
0.285148,
0.285205,
0.285254,
0.285294,
0.28533,
0.285362,
0.285392,
0.28542,
0.285446,
0.28547,
0.285493,
0.285514,
0.285535,
0.285554,
0.285569,
0.285473,
0.283666,
0.282006,
0.28228,
0.282469,
0.282967,
0.282496,
0.282469,
0.282482,
0.282493,
0.282503,
0.282512,
0.282521,
0.28253,
0.282539,
0.282548,
0.282557,
0.282566,
0.282575,
0.282583,
0.282592,
0.2826,
0.282609,
0.282617,
0.282625,
0.282633,
0.282641,
0.282649,
0.282657,
0.282665,
0.282673,
0.282681,
0.282688,
0.282696,
0.282704,
0.282711,
0.282719,
0.282727,
0.282734,
0.282742,
0.282749,
0.282756,
0.282764,
0.282771,
0.282779,
0.282786,
0.282793,
0.2828,
0.282808,
0.282815,
0.282822,
0.282829,
0.282837,
0.282844,
0.282851,
0.282858,
0.282865,
0.282872,
0.282879,
0.282887,
0.282894,
0.282564,
0.284932,
0.284941,
0.284949,
0.284958,
0.284967,
0.284976,
0.284985,
0.284993,
0.285002,
0.285011,
0.28502,
0.285029,
0.285038,
0.285047,
0.285057,
0.285066,
0.285075,
0.285084,
0.285093,
0.285103,
0.285112,
0.307822,
0.307997,
0.307737,
0.303615,
0.30226,
0.301321,
0.301682,
0.298939,
0.297874,
0.297384,
0.297945,
0.297339,
0.297351,
0.297087,
0.297392,
0.296983,
0.296671,
0.296512,
0.296557,
0.296713,
0.296087,
0.297001,
0.297823,
0.295764,
0.297129,
0.296733,
0.295034,
0.297747,
0.29793,
0.29763,
0.295027,
0.296517,
0.296408,
0.294966,
0.294794,
0.294286,
0.294193,
0.294164,
0.294241,
0.294189,
0.293508,
0.289828,
0.289231,
0.288087,
0.287465,
0.287534,
0.28746,
0.287513,
0.287114,
0.286524,
0.286304,
0.286383,
0.286307,
0.286393,
0.286303,
0.286376,
0.286306,
0.286386,
0.286304,
0.286371,
0.286307,
0.286379,
0.286307,
0.286365,
0.286309,
0.286373,
0.286311,
0.286361,
0.286312,
0.286368,
0.286315,
0.286357,
0.286317,
0.286364,
0.28632,
0.286354,
0.286321,
0.286361,
0.286326,
0.286352,
0.286326,
0.286358,
0.286331,
0.286351,
0.286331,
0.286357,
0.286336,
0.28635,
0.286336,
0.286356,
0.286341,
0.286349,
0.286338,
0.286348,
0.286317,
0.285649,
0.285268,
0.283673,
0.283638,
0.283661,
0.283635,
0.283662,
0.283632,
0.283651,
0.28363,
0.283653,
0.283629,
0.283643,
0.283626,
0.283644,
0.283625,
0.283635,
0.283623,
0.283637,
0.283622,
0.283629,
0.283619,
0.28363,
0.283619,
0.283623,
0.283616,
0.283624,
0.283617,
0.283618,
0.283614,
0.283619,
0.283614,
0.283614,
0.283611,
0.283614,
0.283612,
0.28361,
0.283609,
0.28361,
0.28361,
0.283607,
0.283607,
0.283607,
0.283608,
0.283605,
0.283605,
0.283605,
0.283606,
0.283603,
0.283603,
0.283603,
0.283605,
0.283602,
0.283602,
0.283602,
0.283604,
0.283601,
0.283602,
0.283601,
0.283603,
0.283601,
0.283601,
0.283601,
0.283603,
0.283601,
0.283602,
0.283601,
0.283603,
0.283602,
0.283602,
0.283602,
0.283604,
0.283603,
0.283604,
0.283604,
0.283606,
0.283605,
0.283606,
0.283606,
0.283607,
0.283607,
0.283608,
0.283608,
0.28361,
0.28361,
0.283611,
0.283612,
0.283613,
0.283614,
0.283614,
0.283615,
0.283617,
0.283618,
0.283619,
0.28362,
0.283621,
0.283622,
0.283623,
0.283625,
0.283626,
0.283628,
0.283629,
0.28363,
0.283632,
0.283634,
0.283635,
0.283637,
0.283639,
0.28364,
0.283642,
0.283644,
0.283646,
0.283648,
0.283649,
0.283651,
0.283653,
0.283656,
0.283658,
0.28366,
0.283662,
0.283664,
0.283667,
0.283669,
0.283671,
0.283674,
0.283676,
0.283679,
0.283681,
0.283684,
0.283687,
0.283689,
0.283692,
0.283695,
0.283698,
0.283701,
0.366425,
0.343532,
0.336019,
0.327079,
0.323876,
0.32241,
0.327349,
0.326837,
0.328255,
0.327206,
0.327942,
0.312137,
0.314208,
0.304545,
0.307156,
0.303179,
0.304198,
0.312893,
0.308055,
0.317716,
0.30116,
0.336741,
0.305178,
0.344187,
0.299132,
0.370535,
0.301174,
0.371715,
0.304501,
0.40193,
0.299489,
0.387974,
0.315085,
0.421541,
0.300143,
0.39304,
0.325716,
0.430241,
0.301969,
0.39211,
0.334712,
0.432628,
0.30438,
0.388638,
0.342463,
0.432022,
0.307191,
0.384202,
0.349509,
0.430109,
0.310303,
0.379516,
0.356091,
0.427673,
0.313596,
0.374948,
0.362224,
0.425088,
0.316934,
0.370711,
0.367833,
0.422546,
0.320179,
0.366926,
0.372836,
0.420149,
0.323222,
0.363642,
0.377186,
0.417951,
0.325993,
0.36086,
0.380885,
0.415977,
0.328457,
0.403584,
0.326318,
0.345122,
0.296835,
0.306805,
0.29928,
0.29704,
0.297377,
0.296277,
0.296821,
0.296033,
0.295841,
0.295923,
0.296138,
0.296332,
0.295962,
0.295692,
0.295767,
0.295576,
