FINAL REPORT
************
Train error (Mean +- SD): 0.306036 +- 0.000606982
Test error (Mean +- SD): 0.319819 +- 0.000630669
Train CCR (Mean +- SD): 0.633333 +- 0.0316049
Test CCR (Mean +- SD): 0.622989 +- 0.027211
CONVERGENCE DATA
****************


Iterations: 
1,
2,
3,
4,
5,
6,
7,
8,
9,
10,
11,
12,
13,
14,
15,
16,
17,
18,
19,
20,
21,
22,
23,
24,
25,
26,
27,
28,
29,
30,
31,
32,
33,
34,
35,
36,
37,
38,
39,
40,
41,
42,
43,
44,
45,
46,
47,
48,
49,
50,
51,
52,
53,
54,
55,
56,
57,
58,
59,
60,
61,
62,
63,
64,
65,
66,
67,
68,
69,
70,
71,
72,
73,
74,
75,
76,
77,
78,
79,
80,
81,
82,
83,
84,
85,
86,
87,
88,
89,
90,
91,
92,
93,
94,
95,
96,
97,
98,
99,
100,
101,
102,
103,
104,
105,
106,
107,
108,
109,
110,
111,
112,
113,
114,
115,
116,
117,
118,
119,
120,
121,
122,
123,
124,
125,
126,
127,
128,
129,
130,
131,
132,
133,
134,
135,
136,
137,
138,
139,
140,
141,
142,
143,
144,
145,
146,
147,
148,
149,
150,
151,
152,
153,
154,
155,
156,
157,
158,
159,
160,
161,
162,
163,
164,
165,
166,
167,
168,
169,
170,
171,
172,
173,
174,
175,
176,
177,
178,
179,
180,
181,
182,
183,
184,
185,
186,
187,
188,
189,
190,
191,
192,
193,
194,
195,
196,
197,
198,
199,
200,
201,
202,
203,
204,
205,
206,
207,
208,
209,
210,
211,
212,
213,
214,
215,
216,
217,
218,
219,
220,
221,
222,
223,
224,
225,
226,
227,
228,
229,
230,
231,
232,
233,
234,
235,
236,
237,
238,
239,
240,
241,
242,
243,
244,
245,
246,
247,
248,
249,
250,
251,
252,
253,
254,
255,
256,
257,
258,
259,
260,
261,
262,
263,
264,
265,
266,
267,
268,
269,
270,
271,
272,
273,
274,
275,
276,
277,
278,
279,
280,
281,
282,
283,
284,
285,
286,
287,
288,
289,
290,
291,
292,
293,
294,
295,
296,
297,
298,
299,
300,
301,
302,
303,
304,
305,
306,
307,
308,
309,
310,
311,
312,
313,
314,
315,
316,
317,
318,
319,
320,
321,
322,
323,
324,
325,
326,
327,
328,
329,
330,
331,
332,
333,
334,
335,
336,
337,
338,
339,
340,
341,
342,
343,
344,
345,
346,
347,
348,
349,
350,
351,
352,
353,
354,
355,
356,
357,
358,
359,
360,
361,
362,
363,
364,
365,
366,
367,
368,
369,
370,
371,
372,
373,
374,
375,
376,
377,
378,
379,
380,
381,
382,
383,
384,
385,
386,
387,
388,
389,
390,
391,
392,
393,
394,
395,
396,
397,
398,
399,
400,
401,
402,
403,
404,
405,
406,
407,
408,
409,
410,
411,
412,
413,
414,
415,
416,
417,
418,
419,
420,
421,
422,
423,
424,
425,
426,
427,
428,
429,
430,
431,
432,
433,
434,
435,
436,
437,
438,
439,
440,
441,
442,
443,
444,
445,
446,
447,
448,
449,
450,
451,
452,
453,
454,
455,
456,
457,
458,
459,
460,
461,
462,
463,
464,
465,
466,
467,
468,
469,
470,
471,
472,
473,
474,
475,
476,
477,
478,
479,
480,
481,
482,
483,
484,
485,
486,
487,
488,
489,
490,
491,
492,
493,
494,
495,
496,
497,
498,
499,
500,
501,
502,
503,
504,
505,
506,
507,
508,
509,
510,
511,
512,
513,
514,
515,
516,
517,
518,
519,
520,
521,
522,
523,
524,
525,
526,
527,
528,
529,
530,
531,
532,
533,
534,
535,
536,
537,
538,
539,
540,
541,
542,
543,
544,
545,
546,
547,
548,
549,
550,
551,
552,
553,
554,
555,
556,
557,
558,
559,
560,
561,
562,
563,
564,
565,
566,
567,
568,
569,
570,
571,
572,
573,
574,
575,
576,
577,
578,
579,
580,
581,
582,
583,
584,
585,
586,
587,
588,
589,
590,
591,
592,
593,
594,
595,
596,
597,
598,
599,
600,
601,
602,
603,
604,
605,
606,
607,
608,
609,
610,
611,
612,
613,
614,
615,
616,
617,
618,
619,
620,
621,
622,
623,
624,
625,
626,
627,
628,
629,
630,
631,
632,
633,
634,
635,
636,
637,
638,
639,
640,
641,
642,
643,
644,
645,
646,
647,
648,
649,
650,
651,
652,
653,
654,
655,
656,
657,
658,
659,
660,
661,
662,
663,
664,
665,
666,
667,
668,
669,
670,
671,
672,
673,
674,
675,
676,
677,
678,
679,
680,
681,
682,
683,
684,
685,
686,
687,
688,
689,
690,
691,
692,
693,
694,
695,
696,
697,
698,
699,
700,
701,
702,
703,
704,
705,
706,
707,
708,
709,
710,
711,
712,
713,
714,
715,
716,
717,
718,
719,
720,
721,
722,
723,
724,
725,
726,
727,
728,
729,
730,
731,
732,
733,
734,
735,
736,
737,
738,
739,
740,
741,
742,
743,
744,
745,
746,
747,
748,
749,
750,
751,
752,
753,
754,
755,
756,
757,
758,
759,
760,
761,
762,
763,
764,
765,
766,
767,
768,
769,
770,
771,
772,
773,
774,
775,
776,
777,
778,
779,
780,
781,
782,
783,
784,
785,
786,
787,
788,
789,
790,
791,
792,
793,
794,
795,
796,
797,
798,
799,
800,
801,
802,
803,
804,
805,
806,
807,
808,
809,
810,
811,
812,
813,
814,
815,
816,
817,
818,
819,
820,
821,
822,
823,
824,
825,
826,
827,
828,
829,
830,
831,
832,
833,
834,
835,
836,
837,
838,
839,
840,
841,
842,
843,
844,
845,
846,
847,
848,
849,
850,
851,
852,
853,
854,
855,
856,
857,
858,
859,
860,
861,
862,
863,
864,
865,
866,
867,
868,
869,
870,
871,
872,
873,
874,
875,
876,
877,
878,
879,
880,
881,
882,
883,
884,
885,
886,
887,
888,
889,
890,
891,
892,
893,
894,
895,
896,
897,
898,
899,
900,
901,
902,
903,
904,
905,
906,
907,
908,
909,
910,
911,
912,
913,
914,
915,
916,
917,
918,
919,
920,
921,
922,
923,
924,
925,
926,
927,
928,
929,
930,
931,
932,
933,
934,
935,
936,
937,
938,
939,
940,
941,
942,
943,
944,
945,
946,
947,
948,
949,
950,
951,
952,
953,
954,
955,
956,
957,
958,
959,
960,
961,
962,
963,
964,
965,
966,
967,
968,
969,
970,
971,
972,
973,
974,
975,
976,
977,
978,
979,
980,
981,
982,
983,
984,
985,
986,
987,
988,
989,
990,
991,
992,
993,
994,
995,
996,
997,
998,
999,
1000,


Train errors: 
0.295619,
0.297372,
0.297291,
0.297137,
0.297032,
0.296929,
0.296921,
0.296908,
0.296888,
0.296868,
0.296851,
0.296835,
0.296822,
0.29681,
0.296799,
0.296789,
0.29678,
0.296772,
0.296764,
0.296757,
0.296751,
0.296745,
0.296739,
0.296734,
0.296729,
0.296724,
0.29672,
0.296715,
0.296711,
0.296707,
0.296704,
0.2967,
0.296697,
0.296694,
0.296691,
0.296688,
0.296685,
0.296682,
0.29668,
0.296677,
0.296675,
0.296672,
0.29667,
0.296668,
0.296665,
0.296663,
0.296661,
0.296659,
0.296657,
0.296655,
0.296654,
0.306517,
0.295742,
0.29489,
0.294069,
0.293495,
0.295729,
0.29567,
0.295641,
0.295625,
0.295616,
0.29561,
0.295605,
0.295602,
0.295599,
0.295596,
0.295594,
0.295593,
0.295591,
0.29559,
0.295588,
0.295587,
0.295586,
0.295585,
0.295584,
0.295584,
0.295583,
0.295582,
0.295582,
0.295581,
0.295581,
0.29558,
0.29558,
0.295579,
0.295579,
0.295578,
0.295578,
0.295578,
0.295577,
0.295577,
0.295577,
0.295576,
0.295576,
0.295576,
0.295576,
0.295575,
0.295575,
0.295575,
0.295575,
0.295575,
0.295574,
0.295574,
0.295574,
0.295574,
0.295574,
0.295574,
0.295422,
0.295521,
0.295501,
0.295475,
0.295455,
0.29544,
0.295429,
0.295421,
0.295416,
0.295412,
0.29541,
0.295409,
0.295409,
0.295409,
0.29541,
0.295412,
0.295414,
0.295416,
0.295418,
0.29542,
0.295423,
0.295425,
0.295427,
0.295429,
0.29543,
0.295432,
0.295433,
0.295434,
0.295436,
0.295436,
0.295437,
0.295438,
0.295439,
0.295439,
0.295439,
0.29544,
0.29544,
0.29544,
0.29544,
0.29544,
0.29544,
0.29544,
0.29544,
0.29544,
0.29544,
0.29544,
0.29544,
0.29544,
0.29544,
0.295439,
0.295439,
0.295439,
0.295439,
0.295439,
0.295438,
0.295438,
0.295438,
0.295438,
0.295437,
0.295437,
0.295437,
0.295437,
0.295436,
0.295436,
0.295436,
0.295436,
0.295435,
0.295435,
0.295435,
0.355172,
0.376404,
0.37619,
0.376109,
0.376067,
0.376041,
0.376023,
0.37601,
0.376001,
0.375993,
0.375987,
0.375982,
0.375978,
0.375975,
0.375972,
0.375969,
0.375967,
0.375965,
0.375963,
0.375961,
0.37596,
0.375958,
0.375957,
0.375956,
0.375955,
0.375954,
0.375953,
0.375953,
0.375952,
0.375951,
0.375951,
0.37595,
0.375949,
0.375949,
0.375948,
0.375948,
0.375947,
0.375947,
0.375947,
0.375946,
0.375946,
0.375946,
0.375945,
0.375945,
0.375945,
0.375944,
0.375944,
0.375944,
0.375944,
0.375943,
0.375943,
0.290484,
0.295878,
0.296086,
0.29606,
0.295505,
0.295493,
0.295482,
0.295474,
0.295469,
0.295467,
0.295469,
0.295476,
0.295492,
0.295521,
0.295571,
0.295655,
0.295793,
0.296016,
0.29637,
0.296918,
0.297748,
0.298961,
0.300661,
0.30296,
0.306072,
0.310798,
0.318739,
0.356571,
0.408134,
0.416779,
0.539908,
0.57478,
0.618923,
0.690929,
0.722529,
0.762414,
0.803727,
0.784255,
0.849063,
0.830918,
0.916316,
0.911058,
0.90017,
0.975465,
0.971813,
0.966178,
0.953101,
1.07007,
1.06833,
1.06625,
1.06365,
0,
0,
0,
0,
0,
0,
0,
0,
0,
0,
0,
0,
0,
0,
0,
0,
0,
0,
0,
0,
0,
0,
0,
0,
0,
0,
0,
0,
0,
0,
0,
0,
0,
0,
0,
0,
0,
0,
0,
0,
0,
0,
0,
0,
0,
0,
0,
0,
0,
0,
0,
0,
0,
0,
0,
0,
0,
0,
0,
0,
0,
0,
0,
0,
0,
0,
0,
0,
0,
0,
0,
0,
0,
0,
0,
0,
0,
0,
0,
0,
0,
0,
0,
0,
0,
0,
0,
0,
0,
0,
0,
0,
0,
0,
0,
0,
0,
0,
0,
0,
0,
0,
0,
0,
0,
0,
0,
0,
0,
0,
0,
0,
0,
0,
0,
0,
0,
0,
0,
0,
0,
0,
0,
0,
0,
0,
0,
0,
0,
0,
0,
0,
0,
0,
0,
0,
0,
0,
0,
0,
0,
0,
0,
0,
0,
0,
0,
0,
0,
0,
0,
0,
0,
0,
0,
0,
0,
0,
0,
0,
0,
0,
0,
0,
0,
0,
0,
0,
0,
0,
0,
0,
0,
0,
0,
0,
0,
0,
0,
0,
0,
0,
0,
0,
0,
0,
0,
0,
0,
0,
0,
0,
0,
0,
0,
0,
0,
0,
0,
0,
0,
0,
0,
0,
0,
0,
0,
0,
0,
0,
0,
0,
0,
0,
0,
0,
0,
0,
0,
0,
0,
0,
0,
0,
0,
0,
0,
0,
0,
0,
0,
0,
0,
0,
0,
0,
2.03209e-320,
0.304012,
0.302118,
0.302873,
0.302709,
0.302734,
0.302823,
0.302988,
0.30312,
0.303219,
0.303299,
0.303366,
0.303424,
0.303474,
0.303519,
0.303559,
0.303595,
0.303627,
0.303657,
0.303684,
0.303709,
0.303732,
0.303754,
0.303774,
0.303792,
0.30381,
0.303826,
0.303841,
0.303855,
0.303869,
0.303882,
0.303894,
0.303906,
0.303916,
0.303927,
0.303937,
0.303946,
0.303955,
0.303964,
0.303972,
0.30398,
0.303988,
0.303995,
0.304002,
0.304009,
0.304015,
0.304021,
0.304027,
0.304033,
0.304039,
0.304044,
0.304946,
0.362614,
0.456518,
0.49808,
0.51719,
0.5178,
0.443265,
0.449992,
0.454321,
0.457247,
0.459359,
0.460993,
0.462332,
0.463477,
0.464485,
0.465391,
0.466218,
0.466981,
0.467691,
0.468356,
0.468981,
0.469573,
0.470135,
0.470669,
0.471179,
0.471668,
0.472136,
0.472585,
0.473018,
0.473435,
0.473838,
0.474227,
0.474603,
0.474967,
0.475321,
0.475664,
0.475997,
0.476321,
0.476636,
0.476943,
0.477242,
0.477534,
0.477818,
0.478096,
0.478368,
0.478633,
0.478892,
0.479146,
0.479394,
0.479638,
0.479876,
0.48011,
0.480339,
0.480563,
0.480784,
0.489074,
0.304045,
0.303852,
0.303859,
0.303879,
0.303903,
0.303931,
0.303964,
0.303997,
0.304031,
0.304065,
0.304099,
0.304133,
0.304166,
0.304197,
0.304226,
0.304254,
0.304279,
0.304303,
0.304324,
0.304343,
0.30436,
0.304376,
0.304389,
0.304401,
0.304412,
0.304422,
0.30443,
0.304437,
0.304443,
0.304448,
0.304453,
0.304457,
0.30446,
0.304463,
0.304465,
0.304466,
0.304468,
0.304469,
0.304469,
0.30447,
0.30447,
0.30447,
0.30447,
0.304469,
0.304469,
0.304468,
0.304467,
0.304466,
0.304465,
0.304464,
0.304463,
0.304462,
0.304461,
0.304459,
0.304458,
0.304457,
0.304455,
0.304454,
0.304453,
0.304451,
0.30445,
0.304449,
0.304447,
0.304446,
0.304444,
0.304443,
0.304442,
0.30444,
0.303916,
0.354473,
0.374231,
0.374024,
0.373945,
0.373904,
0.373878,
0.373861,
0.373848,
0.373839,
0.373831,
0.373825,
0.37382,
0.373816,
0.373813,
0.37381,
0.373807,
0.373805,
0.373803,
0.373801,
0.373799,
0.373798,
0.373797,
0.373795,
0.373794,
0.373793,
0.373792,
0.373791,
0.373791,
0.37379,
0.373789,
0.373789,
0.373788,
0.373787,
0.373787,
0.373786,
0.373786,
0.373785,
0.373785,
0.373785,
0.373784,
0.373784,
0.373783,
0.373783,
0.373783,
0.373782,
0.373782,
0.373782,
0.373782,
0.373781,
0.373781,
0.354301,
0.283187,
0.303848,
0.303876,
0.303871,
0.303975,
0.303991,
0.304007,
0.304021,
0.304032,
0.304036,
0.304032,
0.304017,
0.303992,
0.303956,
0.303914,
0.303873,
0.303848,
0.303863,
0.303956,
0.304185,
0.304631,
0.305393,
0.306581,
0.308309,
0.310778,
0.314695,
0.32153,
0.355777,
0.404022,
0.412194,
0.529761,
0.563302,
0.605849,
0.675413,
0.705989,
0.744615,
0.784658,
0.76578,
0.828631,
0.811027,
0.893913,
0.888808,
0.878236,
0.951369,
0.947821,
0.942346,
0.929642,
1.04333,
1.04164,
1.03962,
0.283124,
0,
0,
0,
0,
0,
0,
0,
0,
0,
0,
0,
0,
0,
0,
0,
0,
0,
0,
0,
0,
0,
0,
0,
0,
0,
0,
0,
0,
0,
0,
0,
0,
0,
0,
0,
0,
0,
0,
0,
0,
0,
0,
0,
0,
0,
0,
0,
0,
0,
0,
0,
0,
0,
0,
0,
0,
0,
0,
0,
0,
0,
0,
0,
0,
0,
0,
0,
0,
0,
0,
0,
0,
0,
0,
0,
0,
0,
0,
0,
0,
0,
0,
0,
0,
0,
0,
0,
0,
0,
0,
0,
0,
0,
0,
0,
0,
0,
0,
0,
0,
0,
0,
0,
0,
0,
0,
0,
0,
0,
0,
0,
0,
0,
0,
0,
0,
0,
0,
0,
0,
0,
0,
0,
0,
0,
0,
0,
0,
0,
0,
0,
0,
0,
0,
0,
0,
0,
0,
0,
0,
0,
0,
0,
0,
0,
0,
0,
0,
0,
0,
0,
0,
0,
0,
0,
0,
0,
0,
0,
0,
0,
0,
0,
0,
0,
0,
0,
0,
0,
0,
0,
0,
0,
0,
0,
0,
0,
0,
0,
0,
0,
0,
0,
0,
0,
0,
0,
0,
0,
0,
0,
0,
0,
0,
0,
0,
0,
0,
0,
0,
0,
0,
0,
0,
0,
0,
0,
0,
0,


Test errors: 
0.304012,
0.302118,
0.302873,
0.302709,
0.302734,
0.302823,
0.302988,
0.30312,
0.303219,
0.303299,
0.303366,
0.303424,
0.303474,
0.303519,
0.303559,
0.303595,
0.303627,
0.303657,
0.303684,
0.303709,
0.303732,
0.303754,
0.303774,
0.303792,
0.30381,
0.303826,
0.303841,
0.303855,
0.303869,
0.303882,
0.303894,
0.303906,
0.303916,
0.303927,
0.303937,
0.303946,
0.303955,
0.303964,
0.303972,
0.30398,
0.303988,
0.303995,
0.304002,
0.304009,
0.304015,
0.304021,
0.304027,
0.304033,
0.304039,
0.304044,
0.304946,
0.362614,
0.456518,
0.49808,
0.51719,
0.5178,
0.443265,
0.449992,
0.454321,
0.457247,
0.459359,
0.460993,
0.462332,
0.463477,
0.464485,
0.465391,
0.466218,
0.466981,
0.467691,
0.468356,
0.468981,
0.469573,
0.470135,
0.470669,
0.471179,
0.471668,
0.472136,
0.472585,
0.473018,
0.473435,
0.473838,
0.474227,
0.474603,
0.474967,
0.475321,
0.475664,
0.475997,
0.476321,
0.476636,
0.476943,
0.477242,
0.477534,
0.477818,
0.478096,
0.478368,
0.478633,
0.478892,
0.479146,
0.479394,
0.479638,
0.479876,
0.48011,
0.480339,
0.480563,
0.480784,
0.489074,
0.304045,
0.303852,
0.303859,
0.303879,
0.303903,
0.303931,
0.303964,
0.303997,
0.304031,
0.304065,
0.304099,
0.304133,
0.304166,
0.304197,
0.304226,
0.304254,
0.304279,
0.304303,
0.304324,
0.304343,
0.30436,
0.304376,
0.304389,
0.304401,
0.304412,
0.304422,
0.30443,
0.304437,
0.304443,
0.304448,
0.304453,
0.304457,
0.30446,
0.304463,
0.304465,
0.304466,
0.304468,
0.304469,
0.304469,
0.30447,
0.30447,
0.30447,
0.30447,
0.304469,
0.304469,
0.304468,
0.304467,
0.304466,
0.304465,
0.304464,
0.304463,
0.304462,
0.304461,
0.304459,
0.304458,
0.304457,
0.304455,
0.304454,
0.304453,
0.304451,
0.30445,
0.304449,
0.304447,
0.304446,
0.304444,
0.304443,
0.304442,
0.30444,
0.303916,
0.354473,
0.374231,
0.374024,
0.373945,
0.373904,
0.373878,
0.373861,
0.373848,
0.373839,
0.373831,
0.373825,
0.37382,
0.373816,
0.373813,
0.37381,
0.373807,
0.373805,
0.373803,
0.373801,
0.373799,
0.373798,
0.373797,
0.373795,
0.373794,
0.373793,
0.373792,
0.373791,
0.373791,
0.37379,
0.373789,
0.373789,
0.373788,
0.373787,
0.373787,
0.373786,
0.373786,
0.373785,
0.373785,
0.373785,
0.373784,
0.373784,
0.373783,
0.373783,
0.373783,
0.373782,
0.373782,
0.373782,
0.373782,
0.373781,
0.373781,
0.354301,
0.283187,
0.303848,
0.303876,
0.303871,
0.303975,
0.303991,
0.304007,
0.304021,
0.304032,
0.304036,
0.304032,
0.304017,
0.303992,
0.303956,
0.303914,
0.303873,
0.303848,
0.303863,
0.303956,
0.304185,
0.304631,
0.305393,
0.306581,
0.308309,
0.310778,
0.314695,
0.32153,
0.355777,
0.404022,
0.412194,
0.529761,
0.563302,
0.605849,
0.675413,
0.705989,
0.744615,
0.784658,
0.76578,
0.828631,
0.811027,
0.893913,
0.888808,
0.878236,
0.951369,
0.947821,
0.942346,
0.929642,
1.04333,
1.04164,
1.03962,
0.283124,
0,
0,
0,
0,
0,
0,
0,
0,
0,
0,
0,
0,
0,
0,
0,
0,
0,
0,
0,
0,
0,
0,
0,
0,
0,
0,
0,
0,
0,
0,
0,
0,
0,
0,
0,
0,
0,
0,
0,
0,
0,
0,
0,
0,
0,
0,
0,
0,
0,
0,
0,
0,
0,
0,
0,
0,
0,
0,
0,
0,
0,
0,
0,
0,
0,
0,
0,
0,
0,
0,
0,
0,
0,
0,
0,
0,
0,
0,
0,
0,
0,
0,
0,
0,
0,
0,
0,
0,
0,
0,
0,
0,
0,
0,
0,
0,
0,
0,
0,
0,
0,
0,
0,
0,
0,
0,
0,
0,
0,
0,
0,
0,
0,
0,
0,
0,
0,
0,
0,
0,
0,
0,
0,
0,
0,
0,
0,
0,
0,
0,
0,
0,
0,
0,
0,
0,
0,
0,
0,
0,
0,
0,
0,
0,
0,
0,
0,
0,
0,
0,
0,
0,
0,
0,
0,
0,
0,
0,
0,
0,
0,
0,
0,
0,
0,
0,
0,
0,
0,
0,
0,
0,
0,
0,
0,
0,
0,
0,
0,
0,
0,
0,
0,
0,
0,
0,
0,
0,
0,
0,
0,
0,
0,
0,
0,
0,
0,
0,
0,
0,
0,
0,
0,
0,
0,
0,
0,
0,
0,
0,
0,
0,
0,
0,
0,
0,
0,
0,
0,
0,
0,
0,
0,
0,
0,
0,
0,
0,
0,
0,
0,
0,
0,
0,
0,
0,
4.05578e-320,
1.14581e-259,
7.50929e-96,
2.82539e-77,
1.14581e-259,
7.50929e-96,
2.82539e-77,
1.14581e-259,
7.50929e-96,
2.82539e-77,
1.14581e-259,
7.50929e-96,
2.82539e-77,
1.14581e-259,
7.50929e-96,
2.82539e-77,
1.14581e-259,
7.50929e-96,
2.82539e-77,
1.14581e-259,
7.50929e-96,
1.21349e-67,
5.20938e-90,
3.66911e-62,
2.82539e-77,
1.1326e-95,
1.08499e-42,
6.00889e-67,
3.66911e-62,
2.8254e-77,
8.98703e-96,
7.40445e-38,
3.93798e-62,
1.65645e-76,
3.22521e-86,
1.14727e-259,
1.51899e-47,
3.05687e-57,
1.65645e-76,
3.22521e-86,
1.14726e-259,
4.08448e-33,
2.00335e-52,
1.65645e-76,
3.22521e-86,
1.14695e-259,
3.85715e-57,
8.60432e-43,
1.65645e-76,
3.22521e-86,
1.14647e-259,
3.69846e-57,
8.60432e-43,
1.65645e-76,
3.66911e-62,
2.8254e-77,
8.05435e-96,
2.52659e-52,
3.93798e-62,
3.66911e-62,
2.82539e-77,
9.46799e-96,
2.17631e-76,
3.93798e-62,
3.66911e-62,
2.8254e-77,
1.08615e-95,
4.01458e-57,
3.93798e-62,
3.66911e-62,
2.8254e-77,
8.52801e-96,
7.4056e-38,
3.69553e-33,
1.65645e-76,
3.22521e-86,
1.14615e-259,
3.11775e-33,
1.74349e-76,
1.65645e-76,
3.22521e-86,
1.14695e-259,
4.66442e-62,
1.74349e-76,
1.65645e-76,
3.22521e-86,
1.14679e-259,
2.74198e-57,
2.31861e-52,
3.88661e-33,
1.57587e-52,
3.22521e-86,
3.22521e-86,
1.14663e-259,
9.35593e-67,
4.91225e-62,
2.10693e-52,
3.22521e-86,
1.14727e-259,
6.13147e-62,
4.42703e-62,
1.3808e-47,
3.22521e-86,
1.14663e-259,
1.42627e-71,
8.23879e-67,
1.3808e-47,
3.22521e-86,
1.146e-259,
1.45057e-47,
4.66301e-33,
1.3808e-47,
3.22521e-86,
1.14663e-259,
4.27781e-33,
9.74371e-72,
9.04921e-43,
3.22521e-86,
1.14679e-259,
2.52741e-52,
1.6595e-76,
9.04921e-43,
3.22521e-86,
1.14711e-259,
8.15942e-43,
1.38321e-47,
9.04921e-43,
3.22521e-86,
1.14599e-259,
3.53854e-57,
4.08598e-33,
9.04921e-43,
3.22521e-86,
1.14679e-259,
4.91606e-62,
8.61116e-67,
9.04921e-43,
3.22521e-86,
1.1471e-259,
1.72346e-47,
5.8865e-62,
9.04921e-43,
3.22521e-86,
1.14616e-259,
1.38161e-47,
6.12958e-62,
9.04921e-43,
3.22521e-86,
1.14679e-259,
8.0488e-96,
4.66443e-62,
2.09028e-76,
2.40459e-57,
2.8254e-77,
9.46428e-96,
2.58142e-57,
3.93798e-62,
3.66911e-62,
2.8254e-77,
1.18052e-95,
2.17631e-76,
3.93798e-62,
3.66911e-62,
2.8254e-77,
1.08725e-95,
3.93894e-62,
2.5808e-57,
3.66911e-62,
2.8254e-77,
8.9888e-96,
1.17714e-47,
2.5808e-57,
3.66911e-62,
2.8254e-77,
9.46064e-96,
8.16289e-43,
2.5808e-57,
3.66911e-62,
2.8254e-77,
8.99065e-96,
1.31398e-47,
4.9075e-62,
1.65645e-76,
3.22521e-86,
1.14599e-259,
6.38129e-67,
3.21618e-57,
1.65645e-76,
3.66911e-62,
2.8254e-77,
8.99065e-96,
3.21866e-57,
2.5808e-57,
3.66911e-62,
2.8254e-77,
1.14679e-259,
5.39747e-62,
3.21618e-57,
1.65645e-76,
3.22521e-86,
1.14711e-259,
4.27632e-33,
3.21618e-57,
1.65645e-76,
3.66911e-62,
3.22521e-86,
2.8254e-77,
1.14695e-259,
4.27632e-33,
3.21618e-57,
1.65645e-76,
3.22521e-86,
1.14695e-259,
1.51925e-47,
3.21618e-57,
1.65645e-76,
3.22521e-86,
1.14631e-259,
8.23589e-67,
3.21618e-57,
1.65645e-76,
3.22521e-86,
1.14711e-259,
9.50817e-43,
3.21618e-57,
1.65645e-76,
3.22521e-86,
1.14631e-259,
1.2001e-71,
3.21618e-57,
2.5808e-57,
3.66911e-62,
2.8254e-77,
1.03952e-95,
3.21866e-57,
1.14695e-259,
3.44012e+179,
3.82844e-86,
7.75259e-72,
8.96903e-67,
1.04024e-95,
4.08223e-33,
4.83383e-86,
1.00565e-47,
1.74349e-76,
1.14663e-259,
3.1115e+179,
4.43797e-38,
1.65428e-47,
1.44976e-47,
1.85165e-72,
5.2094e-90,
2.737e-57,
4.0822e-33,
1.79494e-52,
5.21195e-58,
5.2075e-90,
2.31575e-52,
1.08633e-95,
1.58901e-47,
3.42629e-86,
6.59066e-43,
3.11924e-33,
1.2135e-67,
9.49624e-43,
6.75798e-67,
3.42629e-86,
1.53451e-52,
9.7326e-72,
1.14711e-259,
5.20557e-90,
1.08558e-71,
8.52427e-96,
4.67013e-62,
3.42629e-86,
2.34147e-57,
1.24556e-47,
1.14679e-259,
3.6003e+179,
8.54612e-72,
4.66175e-62,
2.00376e-52,
5.0349e-86,
2.34147e-57,
9.51338e-43,
1.14695e-259,
4.08405e+179,
1.57607e-52,
7.85511e-67,
1.2453e-47,
3.42629e-86,
5.45166e-67,
1.5701e-76,
7.59525e-96,
6.23244e-38,
4.83383e-86,
2.83067e-33,
2.0046e-76,
1.14616e-259,
4.08405e+179,
3.67006e-62,
9.49624e-43,
2.21379e-52,
1.85165e-72,
5.20941e-90,
1.03316e-47,
4.46663e-33,
1.2567e-71,
5.21193e-58,
5.20557e-90,
1.39737e-76,
8.52427e-96,
4.08531e+179,
3.67006e-62,
9.49624e-43,
4.66537e-62,
1.85165e-72,
5.20558e-90,
1.3042e-76,
7.69908e-43,
1.58794e-47,
1.14615e-259,
2.78669e+179,
5.59934e-67,
1.08633e-95,
3.50745e-33,
4.2306e-86,
1.00566e-47,
2.00426e-76,
1.46703e-43,
5.20555e-90,
4.41944e-62,
1.13296e-95,
5.88269e-62,
3.62737e-86,
3.57281e-62,
2.57893e-57,
1.85165e-72,
5.20651e-90,
1.3042e-76,
7.69908e-43,
2.0046e-76,
1.14616e-259,
3.2736e+179,
5.60006e-67,
7.85511e-67,
1.17741e-47,
3.41569e-53,
5.20173e-90,
3.93325e-62,
1.08633e-95,
5.39938e-62,
3.42629e-86,
1.31179e-71,
3.31109e-33,
3.4157e-53,
5.20748e-90,
3.69402e-33,
1.04006e-95,
8.16291e-43,
4.02952e-86,
7.75259e-72,
9.94607e-43,
8.5261e-96,
2.90131e-57,
4.02952e-86,
1.00566e-47,
1.20098e-71,
1.14616e-259,
3.92386e+179,
3.66958e-62,
1.04006e-95,
4.76767e-38,
3.42629e-86,
2.34147e-57,
1.3816e-47,
1.18015e-95,
4.27784e-33,
3.4157e-53,
5.2046e-90,
4.755e-38,
9.93609e-96,
2.1106e-52,
4.02952e-86,
1.65428e-47,
1.44976e-47,
1.2135e-67,
5.20651e-90,
1.3808e-47,
8.99061e-96,
2.21419e-52,
4.02952e-86,
1.00565e-47,
7.11875e-67,
1.14663e-259,
4.08658e+179,
1.03316e-47,
1.65428e-47,
5.3531e-38,
1.2135e-67,
5.20366e-90,
2.52456e-52,
8.52792e-96,
1.20054e-71,
3.42629e-86,
1.58586e-47,
2.17834e-76,
1.2135e-67,
6.59067e-43,
1.3816e-47,
1.18015e-95,
3.59842e+179,
4.2306e-86,
1.00566e-47,
2.21541e-52,
1.14695e-259,
2.7886e+179,
2.40552e-57,
5.14792e-62,
7.70748e-43,
7.95276e-63,
5.20555e-90,
4.755e-38,
9.93609e-96,
5.64929e-38,
3.82844e-86,
4.31927e-38,
9.73481e-72,
1.146e-259,
4.08277e+179,
2.40552e-57,
8.99243e-96,
5.94082e-38,
3.82844e-86,
3.5728e-62,
1.74349e-76,
1.14663e-259,
2.79175e+179,
1.3042e-76,
1.65428e-47,
1.90099e-52,
6.30083e-34,
5.20746e-90,
7.8563e-67,
1.14679e-259,
2.78795e+179,
1.3042e-76,
1.65428e-47,
1.44976e-47,
1.85165e-72,
5.20846e-90,
2.737e-57,
4.0822e-33,
5.64125e-38,
1.14727e-259,
3.92387e+179,
1.3037e-76,
2.62864e-52,
1.58821e-47,
7.9528e-63,
5.20939e-90,
3.05562e-57,
1.08651e-95,
3.59715e+179,
8.54391e-72,
2.62864e-52,
6.82245e-38,
7.95278e-63,
1.53451e-52,
2.58017e-57,
5.21192e-58,
5.63571e-38,
1.91724e-76,
1.2135e-67,
1.53451e-52,
3.50292e-33,
1.14679e-259,
3.92196e+179,
2.4049e-57,
9.04783e-43,
2.00376e-52,
4.2306e-86,
2.83066e-33,
2.08995e-76,
9.61434e-39,
5.20173e-90,
1.02898e-71,
