FINAL REPORT
************
Train error (Mean +- SD): 0.00751206 +- 1.68798e-06
Test error (Mean +- SD): 0.115022 +- 0.000106956
Train CCR (Mean +- SD): 0.999167 +- 2.77778e-06
Test CCR (Mean +- SD): 0.954667 +- 7.37778e-05
CONVERGENCE DATA
****************


Iterations: 
1,
2,
3,
4,
5,
6,
7,
8,
9,
10,
11,
12,
13,
14,
15,
16,
17,
18,
19,
20,
21,
22,
23,
24,
25,
26,
27,
28,
29,
30,
31,
32,
33,
34,
35,
36,
37,
38,
39,
40,
41,
42,
43,
44,
45,
46,
47,
48,
49,
50,
51,
52,
53,
54,
55,
56,
57,
58,
59,
60,
61,
62,
63,
64,
65,
66,
67,
68,
69,
70,
71,
72,
73,
74,
75,
76,
77,
78,
79,
80,
81,
82,
83,
84,
85,
86,
87,
88,
89,
90,
91,
92,
93,
94,
95,
96,
97,
98,
99,
100,
101,
102,
103,
104,
105,
106,
107,
108,
109,
110,
111,
112,
113,
114,
115,
116,
117,
118,
119,
120,
121,
122,
123,
124,
125,
126,
127,
128,
129,
130,
131,
132,
133,
134,
135,
136,
137,
138,
139,
140,
141,
142,
143,
144,
145,
146,
147,
148,
149,
150,
151,
152,
153,
154,
155,
156,
157,
158,
159,
160,
161,
162,
163,
164,
165,
166,
167,
168,
169,
170,
171,
172,
173,
174,
175,
176,
177,
178,
179,
180,
181,
182,
183,
184,
185,
186,
187,
188,
189,
190,
191,
192,
193,
194,
195,
196,
197,
198,
199,
200,
201,
202,
203,
204,
205,
206,
207,
208,
209,
210,
211,
212,
213,
214,
215,
216,
217,
218,
219,
220,
221,
222,
223,
224,
225,
226,
227,
228,
229,
230,
231,
232,
233,
234,
235,
236,
237,
238,
239,
240,
241,
242,
243,
244,
245,
246,
247,
248,
249,
250,
251,
252,
253,
254,
255,
256,
257,
258,
259,
260,
261,
262,
263,
264,
265,
266,
267,
268,
269,
270,
271,
272,
273,
274,
275,
276,
277,
278,
279,
280,
281,
282,
283,
284,
285,
286,
287,
288,
289,
290,
291,
292,
293,
294,
295,
296,
297,
298,
299,
300,
301,
302,
303,
304,
305,
306,
307,
308,
309,
310,
311,
312,
313,
314,
315,
316,
317,
318,
319,
320,
321,
322,
323,
324,
325,
326,
327,
328,
329,
330,
331,
332,
333,
334,
335,
336,
337,
338,
339,
340,
341,
342,
343,
344,
345,
346,
347,
348,
349,
350,
351,
352,
353,
354,
355,
356,
357,
358,
359,
360,
361,
362,
363,
364,
365,
366,
367,
368,
369,
370,
371,
372,
373,
374,
375,
376,
377,
378,
379,
380,
381,
382,
383,
384,
385,
386,
387,
388,
389,
390,
391,
392,
393,
394,
395,
396,
397,
398,
399,
400,
401,
402,
403,
404,
405,
406,
407,
408,
409,
410,
411,
412,
413,
414,
415,
416,
417,
418,
419,
420,
421,
422,
423,
424,
425,
426,
427,
428,
429,
430,
431,
432,
433,
434,
435,
436,
437,
438,
439,
440,
441,
442,
443,
444,
445,
446,
447,
448,
449,
450,
451,
452,
453,
454,
455,
456,
457,
458,
459,
460,
461,
462,
463,
464,
465,
466,
467,
468,
469,
470,
471,
472,
473,
474,
475,
476,
477,
478,
479,
480,
481,
482,
483,
484,
485,
486,
487,
488,
489,
490,
491,
492,
493,
494,
495,
496,
497,
498,
499,
500,


Train errors: 
0.711001,
1.10658,
0.80194,
0.801981,
0.79658,
0.747269,
0.683739,
0.490202,
0.474311,
0.411408,
0.300056,
0.281558,
0.263264,
0.245842,
0.248012,
0.230288,
0.236534,
0.22037,
0.228126,
0.212539,
0.219913,
0.205657,
0.213338,
0.199564,
0.20679,
0.193774,
0.200921,
0.188333,
0.194716,
0.183003,
0.1891,
0.177989,
0.183061,
0.172938,
0.177589,
0.168085,
0.171678,
0.163195,
0.166408,
0.158659,
0.160946,
0.154307,
0.156288,
0.150425,
0.151459,
0.146721,
0.147481,
0.1435,
0.143332,
0.140316,
0.139956,
0.13756,
0.136432,
0.134655,
0.133521,
0.132176,
0.130551,
0.129476,
0.128028,
0.127198,
0.125493,
0.124657,
0.123199,
0.122474,
0.120928,
0.120073,
0.118761,
0.117971,
0.11667,
0.115743,
0.114615,
0.11375,
0.112668,
0.111702,
0.110707,
0.109793,
0.108834,
0.107863,
0.106939,
0.106025,
0.105138,
0.104211,
0.103332,
0.102449,
0.101597,
0.100717,
0.0998629,
0.0990118,
0.098182,
0.0973445,
0.0965199,
0.0957077,
0.0949124,
0.0941255,
0.0933481,
0.0925864,
0.091838,
0.0911017,
0.0903748,
0.0896641,
0.0889689,
0.0882878,
0.0876156,
0.0869529,
0.0862984,
0.0856509,
0.0850088,
0.084373,
0.0837451,
0.0831261,
0.0825168,
0.0819195,
0.0813371,
0.0807713,
0.0802219,
0.0796864,
0.0791611,
0.0786427,
0.0781293,
0.0776201,
0.0771153,
0.0766145,
0.0761169,
0.0756217,
0.0751284,
0.0746369,
0.0741475,
0.0736607,
0.0731771,
0.0726972,
0.0722218,
0.0717518,
0.0712878,
0.0708293,
0.0703742,
0.06992,
0.0694649,
0.0690091,
0.0685546,
0.0681038,
0.0676568,
0.0672123,
0.0667681,
0.0663228,
0.0658756,
0.0654264,
0.0649755,
0.0645235,
0.064071,
0.0636185,
0.0631663,
0.0627148,
0.0622647,
0.0618166,
0.0613718,
0.0609313,
0.0604959,
0.0600656,
0.0596402,
0.0592191,
0.0588021,
0.0583886,
0.0579785,
0.0575715,
0.0571674,
0.0567659,
0.0563665,
0.0559691,
0.0555733,
0.0551789,
0.054786,
0.0543948,
0.0540059,
0.05362,
0.0532376,
0.0528591,
0.0524849,
0.0521153,
0.0517508,
0.0513919,
0.0510392,
0.0506933,
0.0503546,
0.0500233,
0.0496994,
0.0493826,
0.0490723,
0.0487676,
0.0484672,
0.0481699,
0.0478747,
0.0475807,
0.0472873,
0.046994,
0.0467008,
0.0464075,
0.0461144,
0.0458215,
0.0455293,
0.0452379,
0.0449477,
0.0446589,
0.0443718,
0.0440868,
0.0438043,
0.0435243,
0.043247,
0.0429721,
0.0426994,
0.0424286,
0.0421595,
0.0418917,
0.0416251,
0.0413592,
0.041094,
0.040829,
0.0405641,
0.0402988,
0.0400331,
0.0397666,
0.0394997,
0.0392328,
0.0389671,
0.0387043,
0.0384457,
0.0381919,
0.0379431,
0.0376986,
0.0374578,
0.0372199,
0.0369845,
0.0367512,
0.0365197,
0.0362899,
0.0360617,
0.035835,
0.0356098,
0.0353861,
0.0351637,
0.0349429,
0.0347235,
0.0345056,
0.0342893,
0.0340744,
0.0338609,
0.0336484,
0.0334368,
0.0332256,
0.0330147,
0.0328037,
0.0325924,
0.0323807,
0.0321684,
0.0319557,
0.0317427,
0.0315296,
0.031317,
0.0311055,
0.0308957,
0.030688,
0.0304828,
0.0302802,
0.0300802,
0.0298825,
0.0296867,
0.0294927,
0.0292999,
0.0291082,
0.0289176,
0.0287281,
0.0285396,
0.0283525,
0.0281669,
0.0279829,
0.0278006,
0.0276201,
0.0274416,
0.027265,
0.0270904,
0.0269178,
0.0267473,
0.0265788,
0.0264126,
0.0262485,
0.0260866,
0.0259268,
0.0257691,
0.0256132,
0.0254589,
0.0253061,
0.0251548,
0.025005,
0.0248568,
0.0247104,
0.0245659,
0.0244233,
0.0242829,
0.0241448,
0.0240088,
0.0238752,
0.0237439,
0.0236149,
0.023488,
0.0233632,
0.0232403,
0.0231194,
0.0230001,
0.0228825,
0.0227665,
0.0226519,
0.0225387,
0.0224268,
0.0223161,
0.0222065,
0.0220978,
0.0219897,
0.0218819,
0.021774,
0.0216658,
0.0215568,
0.0214465,
0.0213348,
0.0212212,
0.0211059,
0.020989,
0.0208706,
0.020751,
0.0206307,
0.0205098,
0.0203887,
0.0202676,
0.0201468,
0.0200264,
0.0199066,
0.0197874,
0.0196689,
0.0195511,
0.0194343,
0.0193183,
0.0192033,
0.0190895,
0.0189768,
0.0188653,
0.0187551,
0.0186462,
0.0185387,
0.0184325,
0.0183278,
0.0182245,
0.0181226,
0.0180221,
0.0179231,
0.0178254,
0.0177292,
0.0176345,
0.0175412,
0.0174493,
0.0173584,
0.0172685,
0.0171791,
0.0170903,
0.0170018,
0.0169137,
0.0168261,
0.0167391,
0.0166528,
0.0165672,
0.0164824,
0.0163986,
0.0163156,
0.0162337,
0.0161529,
0.0160733,
0.0159948,
0.0159177,
0.0158421,
0.0157679,
0.0156954,
0.0156246,
0.0155557,
0.0154888,
0.0154239,
0.0153612,
0.0153007,
0.0152421,
0.0151853,
0.0151299,
0.0150753,
0.015021,
0.0149664,
0.014911,
0.0148545,
0.0147969,
0.0147381,
0.0146785,
0.0146182,
0.0145574,
0.0144964,
0.0144354,
0.0143744,
0.0143135,
0.0142527,
0.014192,
0.0141314,
0.0140707,
0.0140102,
0.0139496,
0.0138892,
0.0138289,
0.0137687,
0.0137088,
0.0136491,
0.0135897,
0.0135305,
0.0134716,
0.0134131,
0.0133549,
0.013297,
0.0132394,
0.0131822,
0.0131254,
0.0130689,
0.0130127,
0.012957,
0.0129015,
0.0128465,
0.0127918,
0.0127375,
0.0126836,
0.01263,
0.0125768,
0.0125241,
0.0124718,
0.01242,
0.0123686,
0.0123178,
0.0122675,
0.0122179,
0.0121688,
0.0121203,
0.0120724,
0.0120251,
0.0119783,
0.011932,
0.0118862,
0.0118407,
0.0117957,
0.011751,
0.0117067,
0.0116627,
0.0116191,
0.0115758,
0.0115327,
0.01149,
0.0114476,
0.0114054,
0.0113635,
0.0113219,
0.0112805,
0.0112393,
0.0111986,
0.0111582,
0.0111185,
0.0110793,
0.0110405,
0.0110018,
0.0109629,
0.0109235,
0.0108838,
0.0108435,
0.010803,
0.0107622,
0.0107213,
0.0106802,
0.0106392,
0.0105982,
0.0105573,
0.0105166,
0.0104759,
0.0104354,
0.0103951,
0.0103549,
0.0103149,
0.0102751,
0.0102354,
0.010196,
0.0101566,
0.0101175,
0.0100785,
0.0100397,
0.0100011,
0.00996267,
0.00992441,
0.00988636,
0.0098485,
0.00981084,
0.00977338,
0.00973614,
0.0096991,
0.00966227,


Test errors: 
0.604621,
0.985606,
0.760301,
0.752706,
0.775266,
0.800391,
0.705503,
0.444076,
0.439706,
0.390777,
0.308771,
0.297911,
0.265449,
0.243234,
0.254373,
0.241066,
0.24356,
0.227241,
0.239976,
0.224685,
0.230328,
0.218296,
0.228758,
0.212906,
0.218892,
0.209083,
0.218149,
0.202981,
0.208359,
0.200002,
0.207662,
0.193893,
0.198085,
0.191072,
0.19729,
0.185624,
0.188732,
0.183102,
0.187823,
0.178422,
0.180325,
0.175974,
0.179233,
0.172113,
0.172711,
0.169761,
0.171653,
0.166759,
0.166063,
0.164455,
0.165184,
0.162165,
0.160412,
0.159717,
0.15974,
0.158093,
0.155803,
0.155482,
0.155271,
0.154502,
0.152222,
0.151863,
0.15166,
0.151375,
0.149494,
0.148928,
0.148768,
0.148699,
0.147344,
0.146596,
0.14642,
0.146414,
0.145544,
0.14475,
0.144519,
0.144513,
0.144013,
0.143312,
0.143027,
0.142994,
0.142735,
0.142205,
0.141904,
0.141841,
0.141714,
0.141358,
0.141077,
0.140984,
0.140908,
0.14068,
0.140439,
0.140321,
0.140253,
0.140102,
0.139903,
0.139767,
0.139684,
0.139561,
0.139382,
0.139217,
0.139084,
0.138935,
0.138737,
0.138528,
0.138336,
0.138143,
0.137924,
0.137692,
0.13747,
0.137255,
0.137028,
0.136787,
0.136547,
0.136309,
0.136066,
0.135815,
0.135569,
0.135339,
0.135122,
0.134914,
0.134715,
0.13453,
0.134356,
0.13419,
0.13403,
0.133877,
0.133728,
0.13358,
0.13343,
0.133276,
0.133121,
0.132962,
0.132799,
0.132634,
0.132469,
0.132302,
0.132135,
0.131965,
0.131791,
0.131614,
0.131431,
0.131242,
0.131048,
0.130849,
0.130647,
0.130443,
0.130237,
0.130031,
0.129827,
0.129626,
0.12943,
0.129239,
0.129055,
0.128877,
0.128708,
0.128545,
0.128388,
0.128237,
0.12809,
0.127946,
0.127804,
0.127663,
0.127523,
0.127382,
0.12724,
0.127099,
0.126957,
0.126815,
0.126673,
0.126532,
0.126393,
0.126255,
0.126121,
0.125991,
0.125867,
0.125748,
0.125636,
0.125531,
0.125432,
0.125339,
0.125253,
0.125175,
0.125104,
0.12504,
0.124982,
0.124931,
0.124885,
0.124845,
0.124812,
0.124786,
0.124768,
0.124756,
0.124752,
0.124752,
0.124757,
0.124763,
0.124769,
0.124774,
0.124776,
0.124777,
0.124776,
0.124776,
0.124776,
0.124776,
0.124775,
0.124774,
0.124771,
0.124765,
0.124757,
0.124748,
0.124737,
0.124725,
0.124713,
0.124703,
0.124694,
0.124688,
0.124685,
0.124687,
0.124694,
0.124707,
0.124725,
0.124748,
0.124775,
0.124804,
0.124835,
0.124864,
0.12489,
0.124912,
0.124929,
0.124943,
0.124953,
0.12496,
0.124964,
0.124967,
0.124968,
0.124968,
0.124969,
0.12497,
0.124972,
0.124975,
0.124981,
0.124988,
0.124998,
0.12501,
0.125022,
0.125034,
0.125045,
0.125053,
0.125057,
0.125059,
0.125056,
0.125052,
0.125045,
0.125036,
0.125025,
0.125013,
0.124999,
0.124983,
0.124965,
0.124945,
0.124925,
0.124904,
0.124884,
0.124864,
0.124844,
0.124825,
0.124808,
0.124791,
0.124775,
0.124761,
0.124748,
0.124737,
0.124727,
0.124719,
0.124712,
0.124706,
0.124702,
0.124699,
0.124697,
0.124695,
0.124693,
0.124692,
0.124691,
0.12469,
0.124688,
0.124687,
0.124686,
0.124686,
0.124688,
0.124691,
0.124697,
0.124706,
0.124716,
0.124727,
0.124739,
0.124752,
0.124765,
0.124777,
0.124789,
0.124799,
0.124809,
0.124817,
0.124824,
0.124829,
0.124832,
0.124834,
0.124833,
0.124831,
0.124828,
0.124822,
0.124815,
0.124806,
0.124796,
0.124783,
0.12477,
0.124755,
0.124741,
0.124727,
0.124713,
0.124698,
0.124683,
0.124665,
0.124643,
0.124618,
0.124588,
0.124553,
0.124515,
0.124473,
0.124427,
0.124379,
0.124328,
0.124276,
0.124223,
0.12417,
0.124117,
0.124064,
0.124012,
0.123961,
0.12391,
0.12386,
0.12381,
0.123761,
0.123711,
0.123662,
0.123612,
0.123561,
0.123511,
0.123459,
0.123407,
0.123355,
0.123303,
0.123252,
0.1232,
0.123151,
0.123103,
0.123057,
0.123014,
0.122974,
0.122936,
0.122902,
0.12287,
0.122839,
0.12281,
0.122783,
0.122756,
0.122731,
0.122706,
0.122683,
0.12266,
0.122639,
0.122618,
0.1226,
0.122582,
0.122566,
0.122552,
0.122539,
0.122529,
0.12252,
0.122514,
0.122509,
0.122507,
0.122508,
0.12251,
0.122514,
0.12252,
0.122528,
0.122535,
0.122543,
0.12255,
0.122557,
0.122562,
0.122566,
0.122569,
0.122572,
0.122575,
0.122578,
0.122582,
0.122586,
0.12259,
0.122595,
0.122598,
0.122601,
0.122604,
0.122605,
0.122605,
0.122605,
0.122603,
0.122601,
0.122599,
0.122596,
0.122593,
0.122591,
0.122588,
0.122587,
0.122585,
0.122584,
0.122584,
0.122585,
0.122586,
0.122589,
0.122592,
0.122596,
0.122601,
0.122608,
0.122615,
0.122624,
0.122634,
0.122645,
0.122657,
0.122671,
0.122685,
0.122702,
0.12272,
0.122739,
0.122759,
0.122781,
0.122805,
0.12283,
0.122855,
0.122882,
0.122909,
0.122937,
0.122965,
0.122994,
0.123023,
0.123054,
0.123085,
0.123117,
0.123151,
0.123186,
0.123224,
0.123264,
0.123306,
0.123352,
0.123401,
0.123454,
0.12351,
0.123572,
0.123639,
0.123711,
0.123788,
0.12387,
0.123955,
0.124041,
0.124126,
0.124208,
0.124286,
0.124361,
0.124432,
0.124501,
0.124567,
0.124633,
0.124696,
0.124759,
0.12482,
0.124881,
0.124942,
0.125002,
0.125062,
0.125122,
0.125182,
0.125242,
0.125303,
0.125364,
0.125425,
0.125487,
0.125549,
0.125611,
0.125675,
0.125739,
0.125803,
0.125868,
0.125934,
0.126,
0.126067,
0.126134,
0.126202,
0.12627,
0.126339,
0.126408,
