FINAL REPORT
************
Train error (Mean +- SD): -nan +- nan
Test error (Mean +- SD): -nan +- nan
Train CCR (Mean +- SD): 0.189444 +- 0.143557
Test CCR (Mean +- SD): 0.19 +- 0.1444
CONVERGENCE DATA
****************


Iterations: 
1,
2,
3,
4,
5,
6,
7,
8,
9,
10,
11,
12,
13,
14,
15,
16,
17,
18,
19,
20,
21,
22,
23,
24,
25,
26,
27,
28,
29,
30,
31,
32,
33,
34,
35,
36,
37,
38,
39,
40,
41,
42,
43,
44,
45,
46,
47,
48,
49,
50,
51,
52,
53,
54,
55,
56,
57,
58,
59,
60,
61,
62,
63,
64,
65,
66,
67,
68,
69,
70,
71,
72,
73,
74,
75,
76,
77,
78,
79,
80,
81,
82,
83,
84,
85,
86,
87,
88,
89,
90,
91,
92,
93,
94,
95,
96,
97,
98,
99,
100,
101,
102,
103,
104,
105,
106,
107,
108,
109,
110,
111,
112,
113,
114,
115,
116,
117,
118,
119,
120,
121,
122,
123,
124,
125,
126,
127,
128,
129,
130,
131,
132,
133,
134,
135,
136,
137,
138,
139,
140,
141,
142,
143,
144,
145,
146,
147,
148,
149,
150,
151,
152,
153,
154,
155,
156,
157,
158,
159,
160,
161,
162,
163,
164,
165,
166,
167,
168,
169,
170,
171,
172,
173,
174,
175,
176,
177,
178,
179,
180,
181,
182,
183,
184,
185,
186,
187,
188,
189,
190,
191,
192,
193,
194,
195,
196,
197,
198,
199,
200,
201,
202,
203,
204,
205,
206,
207,
208,
209,
210,
211,
212,
213,
214,
215,
216,
217,
218,
219,
220,
221,
222,
223,
224,
225,
226,
227,
228,
229,
230,
231,
232,
233,
234,
235,
236,
237,
238,
239,
240,
241,
242,
243,
244,
245,
246,
247,
248,
249,
250,
251,
252,
253,
254,
255,
256,
257,
258,
259,
260,
261,
262,
263,
264,
265,
266,
267,
268,
269,
270,
271,
272,
273,
274,
275,
276,
277,
278,
279,
280,
281,
282,
283,
284,
285,
286,
287,
288,
289,
290,
291,
292,
293,
294,
295,
296,
297,
298,
299,
300,
301,
302,
303,
304,
305,
306,
307,
308,
309,
310,
311,
312,
313,
314,
315,
316,
317,
318,
319,
320,
321,
322,
323,
324,
325,
326,
327,
328,
329,
330,
331,
332,
333,
334,
335,
336,
337,
338,
339,
340,
341,
342,
343,
344,
345,
346,
347,
348,
349,
350,
351,
352,
353,
354,
355,
356,
357,
358,
359,
360,
361,
362,
363,
364,
365,
366,
367,
368,
369,
370,
371,
372,
373,
374,
375,
376,
377,
378,
379,
380,
381,
382,
383,
384,
385,
386,
387,
388,
389,
390,
391,
392,
393,
394,
395,
396,
397,
398,
399,
400,
401,
402,
403,
404,
405,
406,
407,
408,
409,
410,
411,
412,
413,
414,
415,
416,
417,
418,
419,
420,
421,
422,
423,
424,
425,
426,
427,
428,
429,
430,
431,
432,
433,
434,
435,
436,
437,
438,
439,
440,
441,
442,
443,
444,
445,
446,
447,
448,
449,
450,
451,
452,
453,
454,
455,
456,
457,
458,
459,
460,
461,
462,
463,
464,
465,
466,
467,
468,
469,
470,
471,
472,
473,
474,
475,
476,
477,
478,
479,
480,
481,
482,
483,
484,
485,
486,
487,
488,
489,
490,
491,
492,
493,
494,
495,
496,
497,
498,
499,
500,


Train errors: 
0.989377,
1.07641,
0.764191,
0.73486,
0.730424,
0.831832,
0.737771,
0.724527,
0.728461,
0.871221,
0.809131,
0.6938,
0.723151,
0.705747,
0.69772,
0.680305,
0.661921,
0.655313,
0.65239,
0.649015,
0.639267,
0.73118,
0.71656,
0.705343,
0.646595,
0.6501,
0.689161,
0.610693,
0.699962,
0.614656,
0.596808,
0.585668,
0.647065,
0.529816,
0.544165,
0.564986,
0.567242,
0.520193,
0.646012,
0.562024,
0.55728,
0.517673,
0.55134,
0.599674,
0.573632,
0.500179,
0.557429,
0.502518,
0.560557,
0.534837,
0.535065,
0.50943,
0.514934,
0.556414,
0.535849,
0.562727,
0.543781,
0.561727,
0.546998,
0.595774,
0.604621,
0.59582,
0.590591,
0.579301,
0.574314,
0.577803,
0.75623,
0.622599,
0.628866,
0.618226,
0.604415,
0.59621,
0.590872,
0.584657,
0.581809,
0.578706,
0.569578,
0.566659,
0.564719,
0.563814,
0.560804,
0.559054,
0.55735,
0.555992,
0.554737,
0.553416,
0.552021,
0.544504,
0.51664,
0.510779,
0.558018,
0.513672,
0.510539,
0.508949,
0.507989,
0.500034,
0.504476,
0.509304,
0.495973,
0.496839,
0.490078,
0.488115,
0.485689,
0.484609,
0.494841,
0.507969,
0.481414,
0.488385,
0.499241,
0.483474,
0.47519,
0.472013,
0.473259,
0.478405,
0.473945,
0.468954,
0.466387,
0.464713,
0.463259,
0.46181,
0.460271,
0.458851,
0.457962,
0.455474,
0.453615,
0.453268,
0.522368,
0.450623,
0.449019,
0.44682,
0.444446,
0.441815,
0.439827,
0.435994,
0.422703,
0.423557,
0.424585,
0.422487,
0.42296,
0.420068,
0.417157,
0.415878,
0.414798,
0.413611,
0.41231,
0.411199,
0.410047,
0.408723,
0.40779,
0.407101,
0.406704,
0.406522,
0.406383,
0.406253,
0.405563,
0.40607,
0.405025,
0.404174,
0.403681,
0.403157,
0.402597,
0.402407,
0.401907,
0.401592,
0.400004,
0.399024,
0.398143,
0.397287,
0.39643,
0.395622,
0.394432,
0.393907,
0.39327,
0.392352,
0.391577,
0.390719,
0.389934,
0.389191,
0.388586,
0.388494,
0.388278,
0.392423,
0.400914,
0.399471,
0.397515,
0.397964,
0.39828,
0.395687,
0.394101,
0.392494,
0.391308,
0.390264,
0.389327,
0.388523,
0.38789,
0.387363,
0.386678,
0.386131,
0.385414,
0.384985,
0.384544,
0.383857,
0.383337,
0.382786,
0.382222,
0.381644,
0.381054,
0.380465,
0.379896,
0.379385,
0.378891,
0.378413,
0.377954,
0.377516,
0.377106,
0.376713,
0.376408,
0.376054,
0.375841,
0.375803,
0.375234,
0.374664,
0.374242,
0.37456,
0.375072,
0.377613,
0.397593,
0.391435,
0.384864,
0.383609,
0.38187,
0.379151,
0.378522,
0.379067,
0.377186,
0.37681,
0.373804,
0.381063,
0.379003,
0.37689,
0.374402,
0.373618,
0.373454,
0.370967,
0.371487,
0.369693,
0.370746,
0.37094,
0.370789,
0.370485,
0.369964,
0.369442,
0.368744,
0.368469,
0.367346,
0.36739,
0.365573,
0.365968,
0.365317,
0.364718,
0.364036,
0.363329,
0.363054,
0.362096,
0.361479,
0.361226,
0.363927,
0.362314,
0.361224,
0.36034,
0.360605,
0.359559,
0.358466,
0.358055,
0.357819,
0.362434,
0.371707,
0.37387,
0.366944,
0.386875,
0.378715,
0.386063,
0.374486,
0.37243,
0.371639,
0.370548,
0.367708,
0.368316,
0.365401,
0.363845,
0.361923,
0.359207,
0.360816,
0.361592,
0.360808,
0.361146,
0.35802,
0.357509,
0.357525,
0.356981,
0.35677,
0.35609,
0.355935,
0.355583,
0.355575,
0.355364,
0.355659,
0.35554,
0.355767,
0.355446,
0.355525,
0.354971,
0.354529,
0.354573,
0.353587,
0.352586,
0.354132,
0.354098,
0.352988,
0.352704,
0.351229,
0.350407,
0.348675,
0.348675,
0.348806,
0.349621,
0.348219,
0.34894,
0.349004,
0.348187,
0.347528,
0.346725,
0.347341,
0.349224,
0.34855,
0.346329,
0.345174,
0.352295,
0.341286,
0.340188,
0.34353,
0.335889,
0.334627,
0.333063,
0.332202,
0.331329,
0.330754,
0.33039,
0.330751,
0.331808,
0.329686,
0.330116,
0.329736,
0.343067,
0.374767,
0.365156,
0.36355,
0.357654,
0.352685,
0.35015,
0.347098,
0.355586,
0.39814,
0.418997,
0.395015,
0.384304,
0.367518,
0.352336,
0.349609,
0.363937,
0.362986,
0.35728,
0.353676,
0.35265,
0.348676,
0.349137,
0.34108,
nan,
-nan,
-nan,
nan,
-nan,
nan,
-nan,
-nan,
nan,
-nan,
nan,
-nan,
nan,
nan,
-nan,
nan,
-nan,
nan,
nan,
-nan,
nan,
-nan,
nan,
nan,
-nan,
nan,
-nan,
nan,
-nan,
-nan,
nan,
-nan,
nan,
-nan,
-nan,
nan,
-nan,
nan,
-nan,
-nan,
nan,
-nan,
nan,
-nan,
nan,
nan,
-nan,
nan,
-nan,
nan,
nan,
-nan,
nan,
-nan,
nan,
nan,
-nan,
nan,
-nan,
nan,
-nan,
-nan,
nan,
-nan,
nan,
-nan,
-nan,
nan,
-nan,
nan,
-nan,
-nan,
nan,
-nan,
nan,
-nan,
nan,
nan,
-nan,
nan,
-nan,
nan,
nan,
-nan,
nan,
-nan,
nan,
nan,
-nan,
nan,
-nan,
nan,
-nan,
-nan,
nan,
-nan,
nan,
-nan,
-nan,
nan,
-nan,
nan,
-nan,
-nan,
nan,
-nan,
nan,
-nan,
nan,
nan,
-nan,
nan,
-nan,
nan,
nan,
-nan,
nan,
-nan,
nan,
nan,
-nan,
nan,
-nan,


Test errors: 
1.03842,
1.12496,
0.77954,
0.751401,
0.765169,
0.856154,
0.767633,
0.75667,
0.751815,
0.903542,
0.836624,
0.713103,
0.756483,
0.73264,
0.729311,
0.698406,
0.679681,
0.684687,
0.672604,
0.668824,
0.664525,
0.75289,
0.728847,
0.740552,
0.668754,
0.687328,
0.717156,
0.63298,
0.739179,
0.638126,
0.620478,
0.606005,
0.674132,
0.54147,
0.55503,
0.579921,
0.582812,
0.539183,
0.672583,
0.594464,
0.573247,
0.524745,
0.589278,
0.633908,
0.61071,
0.539547,
0.603317,
0.536034,
0.591944,
0.579096,
0.59662,
0.565674,
0.554708,
0.592244,
0.57768,
0.592597,
0.582784,
0.59965,
0.586453,
0.612373,
0.630792,
0.62489,
0.614464,
0.606473,
0.602351,
0.608191,
0.828445,
0.661317,
0.670979,
0.665469,
0.652882,
0.646184,
0.643502,
0.638368,
0.637693,
0.635323,
0.628206,
0.626203,
0.625634,
0.626008,
0.623149,
0.621906,
0.620013,
0.618721,
0.617167,
0.615098,
0.612536,
0.603027,
0.564095,
0.557454,
0.608143,
0.557256,
0.552568,
0.550271,
0.548214,
0.536939,
0.542285,
0.540249,
0.52616,
0.534313,
0.521789,
0.522413,
0.517928,
0.520725,
0.52291,
0.54681,
0.516426,
0.523528,
0.531942,
0.512571,
0.507195,
0.501796,
0.504351,
0.51278,
0.505889,
0.498286,
0.495953,
0.494485,
0.493277,
0.492049,
0.490674,
0.488979,
0.488759,
0.485951,
0.48452,
0.484742,
0.572452,
0.48527,
0.485232,
0.483447,
0.481145,
0.480743,
0.480556,
0.479126,
0.468486,
0.467788,
0.470637,
0.467667,
0.466662,
0.467081,
0.462308,
0.462391,
0.461512,
0.461306,
0.459885,
0.458281,
0.457375,
0.455926,
0.454996,
0.454374,
0.45398,
0.453873,
0.453837,
0.453682,
0.451397,
0.452774,
0.451909,
0.450643,
0.449691,
0.449002,
0.448392,
0.448043,
0.447468,
0.447463,
0.446221,
0.445757,
0.445288,
0.444876,
0.444379,
0.44401,
0.443332,
0.443625,
0.443324,
0.442925,
0.442815,
0.442634,
0.442381,
0.442098,
0.442004,
0.444231,
0.442131,
0.448248,
0.455195,
0.454501,
0.45211,
0.452818,
0.453086,
0.449562,
0.447874,
0.446311,
0.445142,
0.444392,
0.44381,
0.443297,
0.442915,
0.442664,
0.442289,
0.441983,
0.441757,
0.441563,
0.441214,
0.440632,
0.440323,
0.440029,
0.439715,
0.439381,
0.439013,
0.438618,
0.438198,
0.43775,
0.437373,
0.437036,
0.436716,
0.436391,
0.43603,
0.435681,
0.435392,
0.43514,
0.435079,
0.435615,
0.435326,
0.435077,
0.434713,
0.434445,
0.435203,
0.443506,
0.457206,
0.452826,
0.441544,
0.441358,
0.437455,
0.435311,
0.435702,
0.438349,
0.435286,
0.435924,
0.437534,
0.440665,
0.440856,
0.437517,
0.4339,
0.433669,
0.433867,
0.432629,
0.433882,
0.432939,
0.434361,
0.434604,
0.434661,
0.434651,
0.434485,
0.434229,
0.433869,
0.434101,
0.433176,
0.433468,
0.43226,
0.432278,
0.432383,
0.432479,
0.432213,
0.431577,
0.431547,
0.430258,
0.430241,
0.430214,
0.435222,
0.431827,
0.431528,
0.431845,
0.43396,
0.432946,
0.431309,
0.431128,
0.431081,
0.435796,
0.441005,
0.449537,
0.4394,
0.461772,
0.445688,
0.454296,
0.442823,
0.440332,
0.43917,
0.439563,
0.436641,
0.436767,
0.432736,
0.43176,
0.429711,
0.426755,
0.426746,
0.428989,
0.429807,
0.429857,
0.424871,
0.424392,
0.42476,
0.424263,
0.42442,
0.424031,
0.424015,
0.424222,
0.424443,
0.424849,
0.425384,
0.425913,
0.426295,
0.426362,
0.426691,
0.425969,
0.425493,
0.426234,
0.424472,
0.423058,
0.426746,
0.427461,
0.427222,
0.425741,
0.424739,
0.422858,
0.423687,
0.417997,
0.424335,
0.426503,
0.424836,
0.424087,
0.425645,
0.424284,
0.424349,
0.424479,
0.427233,
0.431449,
0.430956,
0.429081,
0.425817,
0.435626,
0.421238,
0.415428,
0.415067,
0.411977,
0.411314,
0.410069,
0.409832,
0.40957,
0.409819,
0.410414,
0.411882,
0.413387,
0.411675,
0.411687,
0.408946,
0.421133,
0.447243,
0.443955,
0.444106,
0.438127,
0.434988,
0.438598,
0.433321,
0.436471,
0.468734,
0.480747,
0.469569,
0.463363,
0.452416,
0.438234,
0.432192,
0.44354,
0.446388,
0.437189,
0.434856,
0.432988,
0.43045,
0.43208,
0.418661,
nan,
-nan,
-nan,
nan,
-nan,
nan,
-nan,
-nan,
nan,
-nan,
nan,
-nan,
nan,
nan,
-nan,
nan,
-nan,
nan,
nan,
-nan,
nan,
-nan,
nan,
0.396542,
-nan,
nan,
-nan,
nan,
-nan,
-nan,
nan,
-nan,
nan,
-nan,
-nan,
nan,
-nan,
nan,
-nan,
-nan,
nan,
-nan,
nan,
-nan,
nan,
nan,
-nan,
nan,
-nan,
nan,
nan,
-nan,
nan,
-nan,
nan,
nan,
-nan,
nan,
-nan,
nan,
-nan,
-nan,
nan,
-nan,
nan,
-nan,
-nan,
nan,
-nan,
nan,
-nan,
-nan,
nan,
-nan,
-nan,
-nan,
nan,
nan,
-nan,
nan,
-nan,
nan,
nan,
-nan,
nan,
-nan,
nan,
nan,
-nan,
nan,
-nan,
nan,
-nan,
-nan,
nan,
-nan,
nan,
-nan,
-nan,
nan,
-nan,
nan,
-nan,
-nan,
nan,
-nan,
nan,
-nan,
nan,
nan,
-nan,
nan,
-nan,
nan,
nan,
-nan,
nan,
-nan,
nan,
nan,
-nan,
nan,
-nan,
