FINAL REPORT
************
Train error (Mean +- SD): 0.198219 +- 4.82555e-06
Test error (Mean +- SD): 0.214489 +- 7.56324e-05
Train CCR (Mean +- SD): 0.722222 +- 0
Test CCR (Mean +- SD): 0.706897 +- 0
CONVERGENCE DATA
****************


Iterations: 
1,
2,
3,
4,
5,
6,
7,
8,
9,
10,
11,
12,
13,
14,
15,
16,
17,
18,
19,
20,
21,
22,
23,
24,
25,
26,
27,
28,
29,
30,
31,
32,
33,
34,
35,
36,
37,
38,
39,
40,
41,
42,
43,
44,
45,
46,
47,
48,
49,
50,
51,
52,
53,
54,
55,
56,
57,
58,
59,
60,
61,
62,
63,
64,
65,
66,
67,
68,
69,
70,
71,
72,
73,
74,
75,
76,
77,
78,
79,
80,
81,
82,
83,
84,
85,
86,
87,
88,
89,
90,
91,
92,
93,
94,
95,
96,
97,
98,
99,
100,
101,
102,
103,
104,
105,
106,
107,
108,
109,
110,
111,
112,
113,
114,
115,
116,
117,
118,
119,
120,
121,
122,
123,
124,
125,
126,
127,
128,
129,
130,
131,
132,
133,
134,
135,
136,
137,
138,
139,
140,
141,
142,
143,
144,
145,
146,
147,
148,
149,
150,
151,
152,
153,
154,
155,
156,
157,
158,
159,
160,
161,
162,
163,
164,
165,
166,
167,
168,
169,
170,
171,
172,
173,
174,
175,
176,
177,
178,
179,
180,
181,
182,
183,
184,
185,
186,
187,
188,
189,
190,
191,
192,
193,
194,
195,
196,
197,
198,
199,
200,
201,
202,
203,
204,
205,
206,
207,
208,
209,
210,
211,
212,
213,
214,
215,
216,
217,
218,
219,
220,
221,
222,
223,
224,
225,
226,
227,
228,
229,
230,
231,
232,
233,
234,
235,
236,
237,
238,
239,
240,
241,
242,
243,
244,
245,
246,
247,
248,
249,
250,
251,
252,
253,
254,
255,
256,
257,
258,
259,
260,
261,
262,
263,
264,
265,
266,
267,
268,
269,
270,
271,
272,
273,
274,
275,
276,
277,
278,
279,
280,
281,
282,
283,
284,
285,
286,
287,
288,
289,
290,
291,
292,
293,
294,
295,
296,
297,
298,
299,
300,
301,
302,
303,
304,
305,
306,
307,
308,
309,
310,
311,
312,
313,
314,
315,
316,
317,
318,
319,
320,
321,
322,
323,
324,
325,
326,
327,
328,
329,
330,
331,
332,
333,
334,
335,
336,
337,
338,
339,
340,
341,
342,
343,
344,
345,
346,
347,
348,
349,
350,
351,
352,
353,
354,
355,
356,
357,
358,
359,
360,
361,
362,
363,
364,
365,
366,
367,
368,
369,
370,
371,
372,
373,
374,
375,
376,
377,
378,
379,
380,
381,
382,
383,
384,
385,
386,
387,
388,
389,
390,
391,
392,
393,
394,
395,
396,
397,
398,
399,
400,
401,
402,
403,
404,
405,
406,
407,
408,
409,
410,
411,
412,
413,
414,
415,
416,
417,
418,
419,
420,
421,
422,
423,
424,
425,
426,
427,
428,
429,
430,
431,
432,
433,
434,
435,
436,
437,
438,
439,
440,
441,
442,
443,
444,
445,
446,
447,
448,
449,
450,
451,
452,
453,
454,
455,
456,
457,
458,
459,
460,
461,
462,
463,
464,
465,
466,
467,
468,
469,
470,
471,
472,
473,
474,
475,
476,
477,
478,
479,
480,
481,
482,
483,
484,
485,
486,
487,
488,
489,
490,
491,
492,
493,
494,
495,
496,
497,
498,
499,
500,
501,
502,
503,
504,
505,
506,
507,
508,
509,
510,
511,
512,
513,
514,
515,
516,
517,
518,
519,
520,
521,
522,
523,
524,
525,
526,
527,
528,
529,
530,
531,
532,
533,
534,
535,
536,
537,
538,
539,
540,
541,
542,
543,
544,
545,
546,
547,
548,
549,
550,
551,
552,
553,
554,
555,
556,
557,
558,
559,
560,
561,
562,
563,
564,
565,
566,
567,
568,
569,
570,
571,
572,
573,
574,
575,
576,
577,
578,
579,
580,
581,
582,
583,
584,
585,
586,
587,
588,
589,
590,
591,
592,
593,
594,
595,
596,
597,
598,
599,
600,
601,
602,
603,
604,
605,
606,
607,
608,
609,
610,
611,
612,
613,
614,
615,
616,
617,
618,
619,
620,
621,
622,
623,
624,
625,
626,
627,
628,
629,
630,
631,
632,
633,
634,
635,
636,
637,
638,
639,
640,
641,
642,
643,
644,
645,
646,
647,
648,
649,
650,
651,
652,
653,
654,
655,
656,
657,
658,
659,
660,
661,
662,
663,
664,
665,
666,
667,
668,
669,
670,
671,
672,
673,
674,
675,
676,
677,
678,
679,
680,
681,
682,
683,
684,
685,
686,
687,
688,
689,
690,
691,
692,
693,
694,
695,
696,
697,
698,
699,
700,
701,
702,
703,
704,
705,
706,
707,
708,
709,
710,
711,
712,
713,
714,
715,
716,
717,
718,
719,
720,
721,
722,
723,
724,
725,
726,
727,
728,
729,
730,
731,
732,
733,
734,
735,
736,
737,
738,
739,
740,
741,
742,
743,
744,
745,
746,
747,
748,
749,
750,
751,
752,
753,
754,
755,
756,
757,
758,
759,
760,
761,
762,
763,
764,
765,
766,
767,
768,
769,
770,
771,
772,
773,
774,
775,
776,
777,
778,
779,
780,
781,
782,
783,
784,
785,
786,
787,
788,
789,
790,
791,
792,
793,
794,
795,
796,
797,
798,
799,
800,
801,
802,
803,
804,
805,
806,
807,
808,
809,
810,
811,
812,
813,
814,
815,
816,
817,
818,
819,
820,
821,
822,
823,
824,
825,
826,
827,
828,
829,
830,
831,
832,
833,
834,
835,
836,
837,
838,
839,
840,
841,
842,
843,
844,
845,
846,
847,
848,
849,
850,
851,
852,
853,
854,
855,
856,
857,
858,
859,
860,
861,
862,
863,
864,
865,
866,
867,
868,
869,
870,
871,
872,
873,
874,
875,
876,
877,
878,
879,
880,
881,
882,
883,
884,
885,
886,
887,
888,
889,
890,
891,
892,
893,
894,
895,
896,
897,
898,
899,
900,
901,
902,
903,
904,
905,
906,
907,
908,
909,
910,
911,
912,
913,
914,
915,
916,
917,
918,
919,
920,
921,
922,
923,
924,
925,
926,
927,
928,
929,
930,
931,
932,
933,
934,
935,
936,
937,
938,
939,
940,
941,
942,
943,
944,
945,
946,
947,
948,
949,
950,
951,
952,
953,
954,
955,
956,
957,
958,
959,
960,
961,
962,
963,
964,
965,
966,
967,
968,
969,
970,
971,
972,
973,
974,
975,
976,
977,
978,
979,
980,
981,
982,
983,
984,
985,
986,
987,
988,
989,
990,
991,
992,
993,
994,
995,
996,
997,
998,
999,
1000,


Train errors: 
0.228433,
0.217938,
0.211099,
0.206767,
0.20424,
0.20277,
0.201912,
0.201406,
0.201094,
0.200899,
0.200776,
0.200698,
0.200649,
0.200616,
0.200595,
0.20058,
0.20057,
0.200563,
0.200558,
0.200554,
0.200551,
0.200549,
0.200546,
0.200545,
0.200543,
0.200541,
0.20054,
0.200538,
0.200537,
0.200535,
0.200534,
0.200532,
0.200531,
0.20053,
0.200528,
0.200527,
0.200525,
0.200524,
0.200523,
0.200521,
0.20052,
0.200519,
0.200517,
0.200516,
0.200515,
0.200513,
0.200512,
0.200511,
0.200509,
0.200508,
0.200507,
0.200505,
0.200504,
0.200503,
0.200501,
0.2005,
0.200499,
0.200498,
0.200496,
0.200495,
0.200494,
0.200493,
0.200491,
0.20049,
0.200489,
0.200487,
0.200486,
0.200485,
0.200484,
0.200482,
0.200481,
0.20048,
0.200479,
0.200477,
0.200476,
0.200475,
0.200474,
0.200472,
0.200471,
0.20047,
0.200469,
0.200468,
0.200466,
0.200465,
0.200464,
0.200463,
0.200461,
0.20046,
0.200459,
0.200458,
0.200456,
0.200455,
0.200454,
0.200453,
0.200451,
0.20045,
0.200449,
0.200448,
0.200447,
0.200445,
0.200444,
0.200443,
0.200442,
0.20044,
0.200439,
0.200438,
0.200437,
0.200435,
0.200434,
0.200433,
0.200432,
0.20043,
0.200429,
0.200428,
0.200427,
0.200425,
0.200424,
0.200423,
0.200422,
0.200421,
0.200419,
0.200418,
0.200417,
0.200416,
0.200414,
0.200413,
0.200412,
0.200411,
0.200409,
0.200408,
0.200407,
0.200406,
0.200404,
0.200403,
0.200402,
0.200401,
0.200399,
0.200398,
0.200397,
0.200396,
0.200395,
0.200393,
0.200392,
0.200391,
0.20039,
0.200388,
0.200387,
0.200386,
0.200385,
0.200383,
0.200382,
0.200381,
0.20038,
0.200378,
0.200377,
0.200376,
0.200375,
0.200373,
0.200372,
0.200371,
0.20037,
0.200369,
0.200367,
0.200366,
0.200365,
0.200364,
0.200362,
0.200361,
0.20036,
0.200359,
0.200357,
0.200356,
0.200355,
0.200354,
0.200353,
0.200351,
0.20035,
0.200349,
0.200348,
0.200346,
0.200345,
0.200344,
0.200343,
0.200342,
0.20034,
0.200339,
0.200338,
0.200337,
0.200335,
0.200334,
0.200333,
0.200332,
0.200331,
0.200329,
0.200328,
0.200327,
0.200326,
0.200324,
0.200323,
0.200322,
0.200321,
0.20032,
0.200318,
0.200317,
0.200316,
0.200315,
0.200314,
0.200312,
0.200311,
0.20031,
0.200309,
0.200308,
0.200306,
0.200305,
0.200304,
0.200303,
0.200302,
0.2003,
0.200299,
0.200298,
0.200297,
0.200296,
0.200294,
0.200293,
0.200292,
0.200291,
0.20029,
0.200289,
0.200287,
0.200286,
0.200285,
0.200284,
0.200283,
0.200282,
0.20028,
0.200279,
0.200278,
0.200277,
0.200276,
0.200275,
0.200273,
0.200272,
0.200271,
0.20027,
0.200269,
0.200268,
0.200266,
0.200265,
0.200264,
0.200263,
0.200262,
0.200261,
0.20026,
0.200258,
0.200257,
0.200256,
0.200255,
0.200254,
0.200253,
0.200252,
0.200251,
0.200249,
0.200248,
0.200247,
0.200246,
0.200245,
0.200244,
0.200243,
0.200242,
0.20024,
0.200239,
0.200238,
0.200237,
0.200236,
0.200235,
0.200234,
0.200233,
0.200232,
0.20023,
0.200229,
0.200228,
0.200227,
0.200226,
0.200225,
0.200224,
0.200223,
0.200222,
0.200221,
0.20022,
0.200218,
0.200217,
0.200216,
0.200215,
0.200214,
0.200213,
0.200212,
0.200211,
0.20021,
0.200209,
0.200208,
0.200207,
0.200206,
0.200205,
0.200204,
0.200202,
0.200201,
0.2002,
0.200199,
0.200198,
0.200197,
0.200196,
0.200195,
0.200194,
0.200193,
0.200192,
0.200191,
0.20019,
0.200189,
0.200188,
0.200187,
0.200186,
0.200185,
0.200184,
0.200183,
0.200182,
0.200181,
0.20018,
0.200179,
0.200178,
0.200177,
0.200176,
0.200175,
0.200174,
0.200173,
0.200172,
0.200171,
0.20017,
0.200169,
0.200168,
0.200167,
0.200166,
0.200165,
0.200164,
0.200163,
0.200162,
0.200161,
0.20016,
0.200159,
0.200158,
0.200157,
0.200156,
0.200155,
0.200154,
0.200153,
0.200152,
0.200151,
0.20015,
0.200149,
0.200148,
0.200147,
0.200146,
0.200145,
0.200144,
0.200143,
0.200142,
0.200141,
0.20014,
0.20014,
0.200139,
0.200138,
0.200137,
0.200136,
0.200135,
0.200134,
0.200133,
0.200132,
0.200131,
0.20013,
0.200129,
0.200128,
0.200127,
0.200126,
0.200125,
0.200125,
0.200124,
0.200123,
0.200122,
0.200121,
0.20012,
0.200119,
0.200118,
0.200117,
0.200116,
0.200115,
0.200114,
0.200114,
0.200113,
0.200112,
0.200111,
0.20011,
0.200109,
0.200108,
0.200107,
0.200106,
0.200105,
0.200105,
0.200104,
0.200103,
0.200102,
0.200101,
0.2001,
0.200099,
0.200098,
0.200097,
0.200097,
0.200096,
0.200095,
0.200094,
0.200093,
0.200092,
0.200091,
0.20009,
0.20009,
0.200089,
0.200088,
0.200087,
0.200086,
0.200085,
0.200084,
0.200083,
0.200083,
0.200082,
0.200081,
0.20008,
0.200079,
0.200078,
0.200077,
0.200077,
0.200076,
0.200075,
0.200074,
0.200073,
0.200072,
0.200071,
0.200071,
0.20007,
0.200069,
0.200068,
0.200067,
0.200066,
0.200066,
0.200065,
0.200064,
0.200063,
0.200062,
0.200061,
0.200061,
0.20006,
0.200059,
0.200058,
0.200057,
0.200056,
0.200056,
0.200055,
0.200054,
0.200053,
0.200052,
0.200051,
0.200051,
0.20005,
0.200049,
0.200048,
0.200047,
0.200047,
0.200046,
0.200045,
0.200044,
0.200043,
0.200043,
0.200042,
0.200041,
0.20004,
0.200039,
0.200038,
0.200038,
0.200037,
0.200036,
0.200035,
0.200034,
0.200034,
0.200033,
0.200032,
0.200031,
0.20003,
0.20003,
0.200029,
0.200028,
0.200027,
0.200026,
0.200026,
0.200025,
0.200024,
0.200023,
0.200023,
0.200022,
0.200021,
0.20002,
0.200019,
0.200019,
0.200018,
0.200017,
0.200016,
0.200015,
0.200015,
0.200014,
0.200013,
0.200012,
0.200012,
0.200011,
0.20001,
0.200009,
0.200008,
0.200008,
0.200007,
0.200006,
0.200005,
0.200005,
0.200004,
0.200003,
0.200002,
0.200002,
0.200001,
0.2,
0.199999,
0.199999,
0.199998,
0.199997,
0.199996,
0.199995,
0.199995,
0.199994,
0.199993,
0.199992,
0.199992,
0.199991,
0.19999,
0.199989,
0.199989,
0.199988,
0.199987,
0.199986,
0.199986,
0.199985,
0.199984,
0.199983,
0.199983,
0.199982,
0.199981,
0.19998,
0.19998,
0.199979,
0.199978,
0.199977,
0.199977,
0.199976,
0.199975,
0.199974,
0.199974,
0.199973,
0.199972,
0.199971,
0.199971,
0.19997,
0.199969,
0.199969,
0.199968,
0.199967,
0.199966,
0.199966,
0.199965,
0.199964,
0.199963,
0.199963,
0.199962,
0.199961,
0.19996,
0.19996,
0.199959,
0.199958,
0.199958,
0.199957,
0.199956,
0.199955,
0.199955,
0.199954,
0.199953,
0.199952,
0.199952,
0.199951,
0.19995,
0.19995,
0.199949,
0.199948,
0.199947,
0.199947,
0.199946,
0.199945,
0.199944,
0.199944,
0.199943,
0.199942,
0.199942,
0.199941,
0.19994,
0.199939,
0.199939,
0.199938,
0.199937,
0.199937,
0.199936,
0.199935,
0.199934,
0.199934,
0.199933,
0.199932,
0.199932,
0.199931,
0.19993,
0.199929,
0.199929,
0.199928,
0.199927,
0.199927,
0.199926,
0.199925,
0.199925,
0.199924,
0.199923,
0.199922,
0.199922,
0.199921,
0.19992,
0.19992,
0.199919,
0.199918,
0.199917,
0.199917,
0.199916,
0.199915,
0.199915,
0.199914,
0.199913,
0.199913,
0.199912,
0.199911,
0.19991,
0.19991,
0.199909,
0.199908,
0.199908,
0.199907,
0.199906,
0.199906,
0.199905,
0.199904,
0.199904,
0.199903,
0.199902,
0.199901,
0.199901,
0.1999,
0.199899,
0.199899,
0.199898,
0.199897,
0.199897,
0.199896,
0.199895,
0.199895,
0.199894,
0.199893,
0.199892,
0.199892,
0.199891,
0.19989,
0.19989,
0.199889,
0.199888,
0.199888,
0.199887,
0.199886,
0.199886,
0.199885,
0.199884,
0.199884,
0.199883,
0.199882,
0.199882,
0.199881,
0.19988,
0.199879,
0.199879,
0.199878,
0.199877,
0.199877,
0.199876,
0.199875,
0.199875,
0.199874,
0.199873,
0.199873,
0.199872,
0.199871,
0.199871,
0.19987,
0.199869,
0.199869,
0.199868,
0.199867,
0.199867,
0.199866,
0.199865,
0.199865,
0.199864,
0.199863,
0.199863,
0.199862,
0.199861,
0.199861,
0.19986,
0.199859,
0.199859,
0.199858,
0.199857,
0.199857,
0.199856,
0.199855,
0.199855,
0.199854,
0.199853,
0.199852,
0.199852,
0.199851,
0.19985,
0.19985,
0.199849,
0.199848,
0.199848,
0.199847,
0.199846,
0.199846,
0.199845,
0.199845,
0.199844,
0.199843,
0.199843,
0.199842,
0.199841,
0.199841,
0.19984,
0.199839,
0.199839,
0.199838,
0.199837,
0.199837,
0.199836,
0.199835,
0.199835,
0.199834,
0.199833,
0.199833,
0.199832,
0.199831,
0.199831,
0.19983,
0.199829,
0.199829,
0.199828,
0.199827,
0.199827,
0.199826,
0.199825,
0.199825,
0.199824,
0.199823,
0.199823,
0.199822,
0.199821,
0.199821,
0.19982,
0.199819,
0.199819,
0.199818,
0.199817,
0.199817,
0.199816,
0.199816,
0.199815,
0.199814,
0.199814,
0.199813,
0.199812,
0.199812,
0.199811,
0.19981,
0.19981,
0.199809,
0.199808,
0.199808,
0.199807,
0.199806,
0.199806,
0.199805,
0.199804,
0.199804,
0.199803,
0.199803,
0.199802,
0.199801,
0.199801,
0.1998,
0.199799,
0.199799,
0.199798,
0.199797,
0.199797,
0.199796,
0.199795,
0.199795,
0.199794,
0.199793,
0.199793,
0.199792,
0.199792,
0.199791,
0.19979,
0.19979,
0.199789,
0.199788,
0.199788,
0.199787,
0.199786,
0.199786,
0.199785,
0.199784,
0.199784,
0.199783,
0.199783,
0.199782,
0.199781,
0.199781,
0.19978,
0.199779,
0.199779,
0.199778,
0.199777,
0.199777,
0.199776,
0.199776,
0.199775,
0.199774,
0.199774,
0.199773,
0.199772,
0.199772,
0.199771,
0.19977,
0.19977,
0.199769,
0.199769,
0.199768,
0.199767,
0.199767,
0.199766,
0.199765,
0.199765,
0.199764,
0.199763,
0.199763,
0.199762,
0.199762,
0.199761,
0.19976,
0.19976,
0.199759,
0.199758,
0.199758,
0.199757,
0.199756,
0.199756,
0.199755,
0.199755,
0.199754,
0.199753,
0.199753,
0.199752,
0.199751,
0.199751,
0.19975,
0.19975,
0.199749,
0.199748,
0.199748,
0.199747,
0.199746,
0.199746,
0.199745,
0.199745,
0.199744,
0.199743,
0.199743,
0.199742,
0.199741,
0.199741,
0.19974,
0.199739,
0.199739,
0.199738,
0.199738,
0.199737,
0.199736,
0.199736,
0.199735,
0.199734,
0.199734,
0.199733,
0.199733,
0.199732,
0.199731,
0.199731,
0.19973,
0.199729,
0.199729,
0.199728,
0.199728,
0.199727,
0.199726,
0.199726,
0.199725,
0.199725,
0.199724,
0.199723,
0.199723,
0.199722,
0.199721,
0.199721,
0.19972,
0.19972,
0.199719,
0.199718,
0.199718,
0.199717,
0.199716,
0.199716,
0.199715,
0.199715,
0.199714,
0.199713,
0.199713,
0.199712,
0.199712,
0.199711,
0.19971,
0.19971,
0.199709,
0.199708,
0.199708,
0.199707,
0.199707,
0.199706,
0.199705,
0.199705,
0.199704,
0.199704,
0.199703,
0.199702,
0.199702,
0.199701,
0.1997,
0.1997,
0.199699,
0.199699,
0.199698,
0.199698,
0.199697,
0.199696,
0.199695,
0.199696,
0.199694,
0.199693,
0.199694,
0.199694,
0.199691,
0.19969,
0.199694,
0.19969,
0.199687,
0.19969,
0.199696,
0.199685,


Test errors: 
0.231929,
0.222131,
0.216723,
0.213343,
0.21142,
0.21042,
0.209935,
0.209699,
0.209591,
0.209554,
0.209554,
0.209575,
0.209602,
0.209632,
0.209659,
0.209684,
0.209705,
0.209723,
0.209738,
0.209751,
0.20976,
0.209768,
0.209774,
0.209779,
0.209782,
0.209785,
0.209786,
0.209787,
0.209788,
0.209788,
0.209787,
0.209786,
0.209786,
0.209784,
0.209783,
0.209782,
0.209781,
0.209779,
0.209778,
0.209776,
0.209775,
0.209774,
0.209772,
0.209771,
0.20977,
0.209768,
0.209767,
0.209766,
0.209765,
0.209764,
0.209762,
0.209761,
0.20976,
0.20976,
0.209759,
0.209758,
0.209757,
0.209756,
0.209756,
0.209755,
0.209754,
0.209754,
0.209753,
0.209753,
0.209752,
0.209752,
0.209751,
0.209751,
0.209751,
0.20975,
0.20975,
0.20975,
0.20975,
0.20975,
0.20975,
0.20975,
0.209749,
0.209749,
0.209749,
0.20975,
0.20975,
0.20975,
0.20975,
0.20975,
0.20975,
0.20975,
0.20975,
0.209751,
0.209751,
0.209751,
0.209752,
0.209752,
0.209752,
0.209752,
0.209753,
0.209753,
0.209754,
0.209754,
0.209755,
0.209755,
0.209755,
0.209756,
0.209756,
0.209757,
0.209757,
0.209758,
0.209759,
0.209759,
0.20976,
0.20976,
0.209761,
0.209762,
0.209762,
0.209763,
0.209763,
0.209764,
0.209765,
0.209765,
0.209766,
0.209767,
0.209768,
0.209768,
0.209769,
0.20977,
0.20977,
0.209771,
0.209772,
0.209773,
0.209774,
0.209774,
0.209775,
0.209776,
0.209777,
0.209778,
0.209778,
0.209779,
0.20978,
0.209781,
0.209782,
0.209783,
0.209783,
0.209784,
0.209785,
0.209786,
0.209787,
0.209788,
0.209789,
0.20979,
0.20979,
0.209791,
0.209792,
0.209793,
0.209794,
0.209795,
0.209796,
0.209797,
0.209798,
0.209799,
0.2098,
0.209801,
0.209802,
0.209803,
0.209804,
0.209804,
0.209805,
0.209806,
0.209807,
0.209808,
0.209809,
0.20981,
0.209811,
0.209812,
0.209813,
0.209814,
0.209815,
0.209816,
0.209817,
0.209818,
0.209819,
0.20982,
0.209821,
0.209822,
0.209823,
0.209824,
0.209825,
0.209826,
0.209827,
0.209828,
0.209829,
0.20983,
0.209831,
0.209832,
0.209833,
0.209834,
0.209835,
0.209836,
0.209837,
0.209838,
0.209839,
0.20984,
0.209841,
0.209842,
0.209843,
0.209844,
0.209845,
0.209846,
0.209847,
0.209848,
0.209849,
0.20985,
0.209851,
0.209852,
0.209853,
0.209854,
0.209855,
0.209856,
0.209857,
0.209858,
0.209859,
0.20986,
0.209861,
0.209862,
0.209863,
0.209864,
0.209865,
0.209866,
0.209867,
0.209868,
0.209869,
0.20987,
0.209871,
0.209872,
0.209873,
0.209874,
0.209875,
0.209876,
0.209877,
0.209878,
0.209879,
0.20988,
0.209881,
0.209882,
0.209883,
0.209884,
0.209885,
0.209886,
0.209887,
0.209888,
0.209889,
0.20989,
0.20989,
0.209891,
0.209892,
0.209893,
0.209894,
0.209895,
0.209896,
0.209897,
0.209898,
0.209899,
0.2099,
0.209901,
0.209902,
0.209903,
0.209904,
0.209905,
0.209906,
0.209906,
0.209907,
0.209908,
0.209909,
0.20991,
0.209911,
0.209912,
0.209913,
0.209914,
0.209915,
0.209916,
0.209916,
0.209917,
0.209918,
0.209919,
0.20992,
0.209921,
0.209922,
0.209923,
0.209924,
0.209924,
0.209925,
0.209926,
0.209927,
0.209928,
0.209929,
0.20993,
0.20993,
0.209931,
0.209932,
0.209933,
0.209934,
0.209935,
0.209936,
0.209936,
0.209937,
0.209938,
0.209939,
0.20994,
0.20994,
0.209941,
0.209942,
0.209943,
0.209944,
0.209945,
0.209945,
0.209946,
0.209947,
0.209948,
0.209949,
0.209949,
0.20995,
0.209951,
0.209952,
0.209953,
0.209953,
0.209954,
0.209955,
0.209956,
0.209956,
0.209957,
0.209958,
0.209959,
0.209959,
0.20996,
0.209961,
0.209962,
0.209962,
0.209963,
0.209964,
0.209965,
0.209965,
0.209966,
0.209967,
0.209968,
0.209968,
0.209969,
0.20997,
0.20997,
0.209971,
0.209972,
0.209973,
0.209973,
0.209974,
0.209975,
0.209975,
0.209976,
0.209977,
0.209977,
0.209978,
0.209979,
0.20998,
0.20998,
0.209981,
0.209982,
0.209982,
0.209983,
0.209984,
0.209984,
0.209985,
0.209985,
0.209986,
0.209987,
0.209987,
0.209988,
0.209989,
0.209989,
0.20999,
0.209991,
0.209991,
0.209992,
0.209992,
0.209993,
0.209994,
0.209994,
0.209995,
0.209995,
0.209996,
0.209997,
0.209997,
0.209998,
0.209998,
0.209999,
0.21,
0.21,
0.210001,
0.210001,
0.210002,
0.210002,
0.210003,
0.210004,
0.210004,
0.210005,
0.210005,
0.210006,
0.210006,
0.210007,
0.210007,
0.210008,
0.210008,
0.210009,
0.21001,
0.21001,
0.210011,
0.210011,
0.210012,
0.210012,
0.210013,
0.210013,
0.210014,
0.210014,
0.210015,
0.210015,
0.210016,
0.210016,
0.210017,
0.210017,
0.210018,
0.210018,
0.210018,
0.210019,
0.210019,
0.21002,
0.21002,
0.210021,
0.210021,
0.210022,
0.210022,
0.210023,
0.210023,
0.210023,
0.210024,
0.210024,
0.210025,
0.210025,
0.210026,
0.210026,
0.210026,
0.210027,
0.210027,
0.210028,
0.210028,
0.210028,
0.210029,
0.210029,
0.21003,
0.21003,
0.21003,
0.210031,
0.210031,
0.210031,
0.210032,
0.210032,
0.210033,
0.210033,
0.210033,
0.210034,
0.210034,
0.210034,
0.210035,
0.210035,
0.210035,
0.210036,
0.210036,
0.210036,
0.210037,
0.210037,
0.210037,
0.210038,
0.210038,
0.210038,
0.210039,
0.210039,
0.210039,
0.210039,
0.21004,
0.21004,
0.21004,
0.210041,
0.210041,
0.210041,
0.210041,
0.210042,
0.210042,
0.210042,
0.210042,
0.210043,
0.210043,
0.210043,
0.210043,
0.210044,
0.210044,
0.210044,
0.210044,
0.210045,
0.210045,
0.210045,
0.210045,
0.210046,
0.210046,
0.210046,
0.210046,
0.210046,
0.210047,
0.210047,
0.210047,
0.210047,
0.210047,
0.210048,
0.210048,
0.210048,
0.210048,
0.210048,
0.210048,
0.210049,
0.210049,
0.210049,
0.210049,
0.210049,
0.210049,
0.21005,
0.21005,
0.21005,
0.21005,
0.21005,
0.21005,
0.21005,
0.210051,
0.210051,
0.210051,
0.210051,
0.210051,
0.210051,
0.210051,
0.210051,
0.210051,
0.210052,
0.210052,
0.210052,
0.210052,
0.210052,
0.210052,
0.210052,
0.210052,
0.210052,
0.210052,
0.210052,
0.210052,
0.210052,
0.210053,
0.210053,
0.210053,
0.210053,
0.210053,
0.210053,
0.210053,
0.210053,
0.210053,
0.210053,
0.210053,
0.210053,
0.210053,
0.210053,
0.210053,
0.210053,
0.210053,
0.210053,
0.210053,
0.210053,
0.210053,
0.210053,
0.210053,
0.210053,
0.210053,
0.210053,
0.210053,
0.210053,
0.210053,
0.210053,
0.210053,
0.210053,
0.210053,
0.210053,
0.210053,
0.210053,
0.210053,
0.210053,
0.210052,
0.210052,
0.210052,
0.210052,
0.210052,
0.210052,
0.210052,
0.210052,
0.210052,
0.210052,
0.210052,
0.210052,
0.210052,
0.210051,
0.210051,
0.210051,
0.210051,
0.210051,
0.210051,
0.210051,
0.210051,
0.210051,
0.21005,
0.21005,
0.21005,
0.21005,
0.21005,
0.21005,
0.21005,
0.210049,
0.210049,
0.210049,
0.210049,
0.210049,
0.210049,
0.210048,
0.210048,
0.210048,
0.210048,
0.210048,
0.210048,
0.210047,
0.210047,
0.210047,
0.210047,
0.210047,
0.210046,
0.210046,
0.210046,
0.210046,
0.210046,
0.210045,
0.210045,
0.210045,
0.210045,
0.210045,
0.210044,
0.210044,
0.210044,
0.210044,
0.210043,
0.210043,
0.210043,
0.210043,
0.210042,
0.210042,
0.210042,
0.210042,
0.210041,
0.210041,
0.210041,
0.210041,
0.21004,
0.21004,
0.21004,
0.21004,
0.210039,
0.210039,
0.210039,
0.210038,
0.210038,
0.210038,
0.210037,
0.210037,
0.210037,
0.210037,
0.210036,
0.210036,
0.210036,
0.210035,
0.210035,
0.210035,
0.210034,
0.210034,
0.210034,
0.210033,
0.210033,
0.210033,
0.210032,
0.210032,
0.210032,
0.210031,
0.210031,
0.210031,
0.21003,
0.21003,
0.21003,
0.210029,
0.210029,
0.210028,
0.210028,
0.210028,
0.210027,
0.210027,
0.210026,
0.210026,
0.210026,
0.210025,
0.210025,
0.210025,
0.210024,
0.210024,
0.210023,
0.210023,
0.210022,
0.210022,
0.210022,
0.210021,
0.210021,
0.21002,
0.21002,
0.21002,
0.210019,
0.210019,
0.210018,
0.210018,
0.210017,
0.210017,
0.210016,
0.210016,
0.210016,
0.210015,
0.210015,
0.210014,
0.210014,
0.210013,
0.210013,
0.210012,
0.210012,
0.210011,
0.210011,
0.21001,
0.21001,
0.210009,
0.210009,
0.210008,
0.210008,
0.210007,
0.210007,
0.210006,
0.210006,
0.210005,
0.210005,
0.210004,
0.210004,
0.210003,
0.210003,
0.210002,
0.210002,
0.210001,
0.210001,
0.21,
0.21,
0.209999,
0.209999,
0.209998,
0.209998,
0.209997,
0.209997,
0.209996,
0.209995,
0.209995,
0.209994,
0.209994,
0.209993,
0.209993,
0.209992,
0.209992,
0.209991,
0.20999,
0.20999,
0.209989,
0.209989,
0.209988,
0.209988,
0.209987,
0.209986,
0.209986,
0.209985,
0.209985,
0.209984,
0.209983,
0.209983,
0.209982,
0.209982,
0.209981,
0.20998,
0.20998,
0.209979,
0.209979,
0.209978,
0.209977,
0.209977,
0.209976,
0.209975,
0.209975,
0.209974,
0.209974,
0.209973,
0.209972,
0.209972,
0.209971,
0.20997,
0.20997,
0.209969,
0.209968,
0.209968,
0.209967,
0.209967,
0.209966,
0.209965,
0.209965,
0.209964,
0.209963,
0.209963,
0.209962,
0.209961,
0.209961,
0.20996,
0.209959,
0.209959,
0.209958,
0.209957,
0.209957,
0.209956,
0.209955,
0.209954,
0.209954,
0.209953,
0.209952,
0.209952,
0.209951,
0.20995,
0.20995,
0.209949,
0.209948,
0.209947,
0.209947,
0.209946,
0.209945,
0.209945,
0.209944,
0.209943,
0.209942,
0.209942,
0.209941,
0.20994,
0.20994,
0.209939,
0.209938,
0.209937,
0.209937,
0.209936,
0.209935,
0.209934,
0.209934,
0.209933,
0.209932,
0.209931,
0.209931,
0.20993,
0.209929,
0.209928,
0.209928,
0.209927,
0.209926,
0.209925,
0.209925,
0.209924,
0.209923,
0.209922,
0.209922,
0.209921,
0.20992,
0.209919,
0.209919,
0.209918,
0.209917,
0.209916,
0.209915,
0.209915,
0.209914,
0.209913,
0.209912,
0.209912,
0.209911,
0.20991,
0.209909,
0.209908,
0.209908,
0.209907,
0.209906,
0.209905,
0.209904,
0.209904,
0.209903,
0.209902,
0.209901,
0.2099,
0.2099,
0.209899,
0.209898,
0.209897,
0.209896,
0.209895,
0.209895,
0.209894,
0.209893,
0.209892,
0.209891,
0.209891,
0.20989,
0.209889,
0.209888,
0.209887,
0.209886,
0.209886,
0.209885,
0.209884,
0.209883,
0.209882,
0.209881,
0.209881,
0.20988,
0.209879,
0.209878,
0.209877,
0.209876,
0.209875,
0.209875,
0.209874,
0.209873,
0.209872,
0.209871,
0.20987,
0.209869,
0.209869,
0.209868,
0.209867,
0.209866,
0.209865,
0.209864,
0.209863,
0.209863,
0.209862,
0.209861,
0.20986,
0.209859,
0.209858,
0.209857,
0.209856,
0.209856,
0.209855,
0.209854,
0.209853,
0.209852,
0.209851,
0.20985,
0.209849,
0.209848,
0.209848,
0.209847,
0.209846,
0.209845,
0.209844,
0.209843,
0.209842,
0.209842,
0.209841,
0.209839,
0.209838,
0.209839,
0.209837,
0.209834,
0.209835,
0.209836,
0.209832,
0.20983,
0.209835,
0.209833,
0.209824,
0.209828,
0.209837,
0.209824,
0.209815,
0.209836,
