FINAL REPORT
************
Train error (Mean +- SD): 0.291235 +- 2.0351e-05
Test error (Mean +- SD): 0.315427 +- 5.37218e-05
Train CCR (Mean +- SD): 0.722222 +- 0
Test CCR (Mean +- SD): 0.706897 +- 0
CONVERGENCE DATA
****************


Iterations: 
1,
2,
3,
4,
5,
6,
7,
8,
9,
10,
11,
12,
13,
14,
15,
16,
17,
18,
19,
20,
21,
22,
23,
24,
25,
26,
27,
28,
29,
30,
31,
32,
33,
34,
35,
36,
37,
38,
39,
40,
41,
42,
43,
44,
45,
46,
47,
48,
49,
50,
51,
52,
53,
54,
55,
56,
57,
58,
59,
60,
61,
62,
63,
64,
65,
66,
67,
68,
69,
70,
71,
72,
73,
74,
75,
76,
77,
78,
79,
80,
81,
82,
83,
84,
85,
86,
87,
88,
89,
90,
91,
92,
93,
94,
95,
96,
97,
98,
99,
100,
101,
102,
103,
104,
105,
106,
107,
108,
109,
110,
111,
112,
113,
114,
115,
116,
117,
118,
119,
120,
121,
122,
123,
124,
125,
126,
127,
128,
129,
130,
131,
132,
133,
134,
135,
136,
137,
138,
139,
140,
141,
142,
143,
144,
145,
146,
147,
148,
149,
150,
151,
152,
153,
154,
155,
156,
157,
158,
159,
160,
161,
162,
163,
164,
165,
166,
167,
168,
169,
170,
171,
172,
173,
174,
175,
176,
177,
178,
179,
180,
181,
182,
183,
184,
185,
186,
187,
188,
189,
190,
191,
192,
193,
194,
195,
196,
197,
198,
199,
200,
201,
202,
203,
204,
205,
206,
207,
208,
209,
210,
211,
212,
213,
214,
215,
216,
217,
218,
219,
220,
221,
222,
223,
224,
225,
226,
227,
228,
229,
230,
231,
232,
233,
234,
235,
236,
237,
238,
239,
240,
241,
242,
243,
244,
245,
246,
247,
248,
249,
250,
251,
252,
253,
254,
255,
256,
257,
258,
259,
260,
261,
262,
263,
264,
265,
266,
267,
268,
269,
270,
271,
272,
273,
274,
275,
276,
277,
278,
279,
280,
281,
282,
283,
284,
285,
286,
287,
288,
289,
290,
291,
292,
293,
294,
295,
296,
297,
298,
299,
300,
301,
302,
303,
304,
305,
306,
307,
308,
309,
310,
311,
312,
313,
314,
315,
316,
317,
318,
319,
320,
321,
322,
323,
324,
325,
326,
327,
328,
329,
330,
331,
332,
333,
334,
335,
336,
337,
338,
339,
340,
341,
342,
343,
344,
345,
346,
347,
348,
349,
350,
351,
352,
353,
354,
355,
356,
357,
358,
359,
360,
361,
362,
363,
364,
365,
366,
367,
368,
369,
370,
371,
372,
373,
374,
375,
376,
377,
378,
379,
380,
381,
382,
383,
384,
385,
386,
387,
388,
389,
390,
391,
392,
393,
394,
395,
396,
397,
398,
399,
400,
401,
402,
403,
404,
405,
406,
407,
408,
409,
410,
411,
412,
413,
414,
415,
416,
417,
418,
419,
420,
421,
422,
423,
424,
425,
426,
427,
428,
429,
430,
431,
432,
433,
434,
435,
436,
437,
438,
439,
440,
441,
442,
443,
444,
445,
446,
447,
448,
449,
450,
451,
452,
453,
454,
455,
456,
457,
458,
459,
460,
461,
462,
463,
464,
465,
466,
467,
468,
469,
470,
471,
472,
473,
474,
475,
476,
477,
478,
479,
480,
481,
482,
483,
484,
485,
486,
487,
488,
489,
490,
491,
492,
493,
494,
495,
496,
497,
498,
499,
500,
501,
502,
503,
504,
505,
506,
507,
508,
509,
510,
511,
512,
513,
514,
515,
516,
517,
518,
519,
520,
521,
522,
523,
524,
525,
526,
527,
528,
529,
530,
531,
532,
533,
534,
535,
536,
537,
538,
539,
540,
541,
542,
543,
544,
545,
546,
547,
548,
549,
550,
551,
552,
553,
554,
555,
556,
557,
558,
559,
560,
561,
562,
563,
564,
565,
566,
567,
568,
569,
570,
571,
572,
573,
574,
575,
576,
577,
578,
579,
580,
581,
582,
583,
584,
585,
586,
587,
588,
589,
590,
591,
592,
593,
594,
595,
596,
597,
598,
599,
600,
601,
602,
603,
604,
605,
606,
607,
608,
609,
610,
611,
612,
613,
614,
615,
616,
617,
618,
619,
620,
621,
622,
623,
624,
625,
626,
627,
628,
629,
630,
631,
632,
633,
634,
635,
636,
637,
638,
639,
640,
641,
642,
643,
644,
645,
646,
647,
648,
649,
650,
651,
652,
653,
654,
655,
656,
657,
658,
659,
660,
661,
662,
663,
664,
665,
666,
667,
668,
669,
670,
671,
672,
673,
674,
675,
676,
677,
678,
679,
680,
681,
682,
683,
684,
685,
686,
687,
688,
689,
690,
691,
692,
693,
694,
695,
696,
697,
698,
699,
700,
701,
702,
703,
704,
705,
706,
707,
708,
709,
710,
711,
712,
713,
714,
715,
716,
717,
718,
719,
720,
721,
722,
723,
724,
725,
726,
727,
728,
729,
730,
731,
732,
733,
734,
735,
736,
737,
738,
739,
740,
741,
742,
743,
744,
745,
746,
747,
748,
749,
750,
751,
752,
753,
754,
755,
756,
757,
758,
759,
760,
761,
762,
763,
764,
765,
766,
767,
768,
769,
770,
771,
772,
773,
774,
775,
776,
777,
778,
779,
780,
781,
782,
783,
784,
785,
786,
787,
788,
789,
790,
791,
792,
793,
794,
795,
796,
797,
798,
799,
800,
801,
802,
803,
804,
805,
806,
807,
808,
809,
810,
811,
812,
813,
814,
815,
816,
817,
818,
819,
820,
821,
822,
823,
824,
825,
826,
827,
828,
829,
830,
831,
832,
833,
834,
835,
836,
837,
838,
839,
840,
841,
842,
843,
844,
845,
846,
847,
848,
849,
850,
851,
852,
853,
854,
855,
856,
857,
858,
859,
860,
861,
862,
863,
864,
865,
866,
867,
868,
869,
870,
871,
872,
873,
874,
875,
876,
877,
878,
879,
880,
881,
882,
883,
884,
885,
886,
887,
888,
889,
890,
891,
892,
893,
894,
895,
896,
897,
898,
899,
900,
901,
902,
903,
904,
905,
906,
907,
908,
909,
910,
911,
912,
913,
914,
915,
916,
917,
918,
919,
920,
921,
922,
923,
924,
925,
926,
927,
928,
929,
930,
931,
932,
933,
934,
935,
936,
937,
938,
939,
940,
941,
942,
943,
944,
945,
946,
947,
948,
949,
950,
951,
952,
953,
954,
955,
956,
957,
958,
959,
960,
961,
962,
963,
964,
965,
966,
967,
968,
969,
970,
971,
972,
973,
974,
975,
976,
977,
978,
979,
980,
981,
982,
983,
984,
985,
986,
987,
988,
989,
990,
991,
992,
993,
994,
995,
996,
997,
998,
999,
1000,


Train errors: 
0.296728,
0.296942,
0.295644,
0.295656,
0.29567,
0.295682,
0.295691,
0.295697,
0.295701,
0.295703,
0.295702,
0.295699,
0.295693,
0.295684,
0.295672,
0.295657,
0.295639,
0.295619,
0.295597,
0.295574,
0.29555,
0.295525,
0.2955,
0.295476,
0.295451,
0.295428,
0.295405,
0.295383,
0.295361,
0.295341,
0.295322,
0.295304,
0.295287,
0.295271,
0.295255,
0.295241,
0.295228,
0.295215,
0.295203,
0.295192,
0.295181,
0.295171,
0.295162,
0.295153,
0.295145,
0.295138,
0.29513,
0.295124,
0.295117,
0.295111,
0.295106,
0.2951,
0.295095,
0.29509,
0.295086,
0.295082,
0.295078,
0.295074,
0.29507,
0.295067,
0.295064,
0.295061,
0.295058,
0.295055,
0.295052,
0.29505,
0.295047,
0.295045,
0.295043,
0.295041,
0.295039,
0.295037,
0.295035,
0.295033,
0.295032,
0.29503,
0.295029,
0.295027,
0.295026,
0.295024,
0.295023,
0.295022,
0.295021,
0.29502,
0.295018,
0.295017,
0.295016,
0.295015,
0.295014,
0.295013,
0.295013,
0.295012,
0.295011,
0.29501,
0.295009,
0.295009,
0.295008,
0.295007,
0.295006,
0.295006,
0.295005,
0.295005,
0.295004,
0.295003,
0.295003,
0.295002,
0.295002,
0.295001,
0.295001,
0.295,
0.295,
0.294999,
0.294999,
0.294998,
0.294998,
0.294997,
0.294997,
0.294997,
0.294996,
0.294996,
0.294995,
0.294995,
0.294995,
0.294994,
0.294994,
0.294994,
0.294993,
0.294993,
0.294993,
0.294992,
0.294992,
0.294992,
0.294991,
0.294991,
0.294991,
0.294991,
0.29499,
0.29499,
0.29499,
0.29499,
0.294989,
0.294989,
0.294989,
0.294989,
0.294988,
0.294988,
0.294988,
0.294988,
0.294988,
0.294987,
0.294987,
0.294987,
0.294987,
0.294987,
0.294986,
0.294986,
0.294986,
0.294986,
0.294986,
0.294985,
0.294985,
0.294985,
0.294985,
0.294985,
0.294985,
0.294985,
0.294984,
0.294984,
0.294984,
0.294984,
0.294984,
0.294984,
0.294984,
0.294983,
0.294983,
0.294983,
0.294983,
0.294983,
0.294983,
0.294983,
0.294982,
0.294982,
0.294982,
0.294982,
0.294982,
0.294982,
0.294982,
0.294982,
0.294982,
0.294981,
0.294981,
0.294981,
0.294981,
0.294981,
0.294981,
0.294981,
0.294981,
0.294981,
0.294981,
0.29498,
0.29498,
0.29498,
0.29498,
0.29498,
0.29498,
0.29498,
0.29498,
0.29498,
0.29498,
0.29498,
0.29498,
0.294979,
0.294979,
0.294979,
0.294979,
0.294979,
0.294979,
0.294979,
0.294979,
0.294979,
0.294979,
0.294979,
0.294979,
0.294979,
0.294979,
0.294979,
0.294978,
0.294978,
0.294978,
0.294978,
0.294978,
0.294978,
0.294978,
0.294978,
0.294978,
0.294978,
0.294978,
0.294978,
0.294978,
0.294978,
0.294978,
0.294978,
0.294978,
0.294978,
0.294977,
0.294977,
0.294977,
0.294977,
0.294977,
0.294977,
0.294977,
0.294977,
0.294977,
0.294977,
0.294977,
0.294977,
0.294977,
0.294977,
0.294977,
0.294977,
0.294977,
0.294977,
0.294977,
0.294977,
0.294977,
0.294977,
0.294977,
0.294976,
0.294976,
0.294976,
0.294976,
0.294976,
0.294976,
0.294976,
0.294976,
0.294976,
0.294976,
0.294976,
0.294976,
0.294976,
0.294976,
0.294976,
0.294976,
0.294976,
0.294976,
0.294976,
0.294976,
0.294976,
0.294976,
0.294976,
0.294976,
0.294976,
0.294976,
0.294976,
0.294976,
0.294976,
0.294976,
0.294976,
0.294976,
0.294976,
0.294975,
0.294975,
0.294975,
0.294975,
0.294975,
0.294975,
0.294975,
0.294975,
0.294975,
0.294975,
0.294975,
0.294975,
0.294975,
0.294975,
0.294975,
0.294975,
0.294975,
0.294975,
0.294975,
0.294975,
0.294975,
0.294975,
0.294975,
0.294975,
0.294975,
0.294975,
0.294975,
0.294975,
0.294975,
0.294975,
0.294975,
0.294975,
0.294975,
0.294975,
0.294975,
0.294975,
0.294975,
0.294975,
0.294975,
0.294975,
0.294975,
0.294975,
0.294975,
0.294975,
0.294975,
0.294975,
0.294975,
0.294975,
0.294975,
0.294975,
0.294975,
0.294975,
0.294975,
0.294975,
0.294975,
0.294975,
0.294974,
0.294974,
0.294974,
0.294974,
0.294974,
0.294974,
0.294974,
0.294974,
0.294974,
0.294974,
0.294974,
0.294974,
0.294974,
0.294974,
0.294974,
0.294974,
0.294974,
0.294974,
0.294974,
0.294974,
0.294974,
0.294974,
0.294974,
0.294974,
0.294974,
0.294974,
0.294974,
0.294974,
0.294974,
0.294974,
0.294974,
0.294974,
0.294974,
0.294974,
0.294974,
0.294974,
0.294974,
0.294974,
0.294974,
0.294974,
0.294974,
0.294974,
0.294974,
0.294974,
0.294974,
0.294974,
0.294974,
0.294974,
0.294974,
0.294974,
0.294974,
0.294974,
0.294974,
0.294974,
0.294974,
0.294974,
0.294974,
0.294974,
0.294974,
0.294974,
0.294974,
0.294974,
0.294974,
0.294974,
0.294974,
0.294974,
0.294974,
0.294974,
0.294974,
0.294974,
0.294974,
0.294974,
0.294974,
0.294974,
0.294974,
0.294974,
0.294974,
0.294974,
0.294974,
0.294974,
0.294974,
0.294974,
0.294974,
0.294974,
0.294974,
0.294974,
0.294974,
0.294974,
0.294974,
0.294974,
0.294974,
0.294974,
0.294974,
0.294974,
0.294974,
0.294974,
0.294974,
0.294974,
0.294974,
0.294974,
0.294974,
0.294974,
0.294974,
0.294974,
0.294974,
0.294974,
0.294974,
0.294974,
0.294974,
0.294974,
0.294974,
0.294974,
0.294974,
0.294974,
0.294974,
0.294974,
0.294974,
0.294974,
0.294974,
0.294974,
0.294974,
0.294974,
0.294974,
0.294974,
0.294974,
0.294974,
0.294974,
0.294974,
0.294974,
0.294974,
0.294974,
0.294974,
0.294974,
0.294974,
0.294974,
0.294974,
0.294974,
0.294974,
0.294974,
0.294974,
0.294974,
0.294974,
0.294974,
0.294974,
0.294974,
0.294974,
0.294974,
0.294974,
0.294974,
0.294974,
0.294974,
0.294974,
0.294974,
0.294974,
0.294974,
0.294974,
0.294974,
0.294974,
0.294974,
0.294974,
0.294974,
0.294974,
0.294974,
0.294974,
0.294974,
0.294974,
0.294974,
0.294974,
0.294974,
0.294974,
0.294974,
0.294974,
0.294974,
0.294974,
0.294974,
0.294974,
0.294974,
0.294974,
0.294974,
0.294974,
0.294974,
0.294974,
0.294974,
0.294974,
0.294974,
0.294974,
0.294974,
0.294974,
0.294974,
0.294974,
0.294974,
0.294974,
0.294974,
0.294974,
0.294974,
0.294974,
0.294974,
0.294974,
0.294974,
0.294974,
0.294974,
0.294974,
0.294974,
0.294974,
0.294974,
0.294974,
0.294974,
0.294974,
0.294974,
0.294974,
0.294974,
0.294974,
0.294974,
0.294974,
0.294974,
0.294974,
0.294974,
0.294974,
0.294974,
0.294974,
0.294974,
0.294974,
0.294974,
0.294974,
0.294974,
0.294974,
0.294974,
0.294974,
0.294974,
0.294974,
0.294974,
0.294974,
0.294974,
0.294974,
0.294974,
0.294974,
0.294974,
0.294974,
0.294974,
0.294974,
0.294974,
0.294974,
0.294974,
0.294974,
0.294974,
0.294974,
0.294974,
0.294974,
0.294974,
0.294974,
0.294974,
0.294974,
0.294974,
0.294974,
0.294974,
0.294974,
0.294974,
0.294974,
0.294974,
0.294974,
0.294974,
0.294974,
0.294974,
0.294974,
0.294974,
0.294974,
0.294974,
0.294974,
0.294974,
0.294974,
0.294974,
0.294974,
0.294974,
0.294974,
0.294974,
0.294974,
0.294974,
0.294974,
0.294974,
0.294974,
0.294974,
0.294974,
0.294974,
0.294974,
0.294974,
0.294974,
0.294974,
0.294974,
0.294974,
0.294974,
0.294974,
0.294974,
0.294974,
0.294974,
0.294974,
0.294974,
0.294974,
0.294974,
0.294974,
0.294974,
0.294974,
0.294974,
0.294974,
0.294974,
0.294974,
0.294974,
0.294974,
0.294974,
0.294974,
0.294974,
0.294974,
0.294974,
0.294974,
0.294974,
0.294974,
0.294974,
0.294974,
0.294974,
0.294974,
0.294974,
0.294974,
0.294974,
0.294974,
0.294974,
0.294974,
0.294974,
0.294974,
0.294974,
0.294974,
0.294974,
0.294974,
0.294974,
0.294974,
0.294974,
0.294974,
0.294974,
0.294974,
0.294974,
0.294974,
0.294974,
0.294974,
0.294974,
0.294974,
0.294974,
0.294974,
0.294974,
0.294974,
0.294974,
0.294974,
0.294974,
0.294974,
0.294974,
0.294974,
0.294974,
0.294974,
0.294974,
0.294974,
0.294974,
0.294974,
0.294974,
0.294974,
0.294974,
0.294974,
0.294974,
0.294974,
0.294974,
0.294974,
0.294974,
0.294974,
0.294974,
0.294974,
0.294974,
0.294974,
0.294974,
0.294974,
0.294974,
0.294974,
0.294974,
0.294974,
0.294974,
0.294974,
0.294974,
0.294974,
0.294974,
0.294974,
0.294974,
0.294974,
0.294974,
0.294974,
0.294974,
0.294974,
0.294974,
0.294974,
0.294974,
0.294974,
0.294974,
0.294974,
0.294974,
0.294974,
0.294974,
0.294974,
0.294974,
0.294974,
0.294974,
0.294974,
0.294974,
0.294974,
0.294974,
0.294974,
0.294974,
0.294974,
0.294974,
0.294974,
0.294974,
0.294974,
0.294974,
0.294974,
0.294974,
0.294974,
0.294974,
0.294974,
0.294974,
0.294974,
0.294974,
0.294974,
0.294974,
0.294974,
0.294974,
0.294974,
0.294974,
0.294974,
0.294974,
0.294974,
0.294974,
0.294974,
0.294974,
0.294974,
0.294974,
0.294974,
0.294974,
0.294974,
0.294974,
0.294974,
0.294974,
0.294974,
0.294974,
0.294974,
0.294974,
0.294974,
0.294974,
0.294974,
0.294974,
0.294974,
0.294974,
0.294974,
0.294974,
0.294974,
0.294974,
0.294974,
0.294974,
0.294974,
0.294974,
0.294974,
0.294974,
0.294974,
0.294974,
0.294974,
0.294974,
0.294974,
0.294974,
0.294974,
0.294974,
0.294974,
0.294974,
0.294974,
0.294974,
0.294974,
0.294974,
0.294974,
0.294974,
0.294974,
0.294974,
0.294974,
0.294974,
0.294974,
0.294974,
0.294974,
0.294974,
0.294974,
0.294974,
0.294974,
0.294974,
0.294974,
0.294974,
0.294974,
0.294974,
0.294974,
0.294974,
0.294974,
0.294974,
0.294974,
0.294974,
0.294974,
0.294974,
0.294974,
0.294974,
0.294974,
0.294974,
0.294974,
0.294974,
0.294974,
0.294974,
0.294974,
0.294974,
0.294974,
0.294974,
0.294974,
0.294974,
0.294974,
0.294974,
0.294974,
0.294974,
0.294974,
0.294974,
0.294974,
0.294974,
0.294974,
0.294974,
0.294974,
0.294974,
0.294974,
0.294974,
0.294974,
0.294974,
0.294974,
0.294974,
0.294974,
0.294974,
0.294974,
0.294974,
0.294974,
0.294974,
0.294974,
0.294974,
0.294974,
0.294974,
0.294974,
0.294974,
0.294974,
0.294974,
0.294974,
0.294974,
0.294974,
0.294974,
0.294974,
0.294974,
0.294974,
0.294974,
0.294974,
0.294974,
0.294974,
0.294974,
0.294974,
0.294974,
0.294974,
0.294974,
0.294974,
0.294974,
0.294974,
0.294974,
0.294974,
0.294974,
0.294974,
0.294974,
0.294974,
0.294974,
0.294974,
0.294974,
0.294974,
0.294974,
0.294974,
0.294974,
0.294974,
0.294974,
0.294974,
0.294974,
0.294974,
0.294974,
0.294974,
0.294974,
0.294974,
0.294974,
0.294974,
0.294974,
0.294974,
0.294974,
0.294974,
0.294974,
0.294974,
0.294974,
0.294974,
0.294974,
0.294974,
0.294974,
0.294974,
0.294974,
0.294974,
0.294974,
0.294974,
0.294974,
0.294974,
0.294974,
0.294974,
0.294974,
0.294974,
0.294974,
0.294974,
0.294974,
0.294974,
0.294974,
0.294974,
0.294974,
0.294974,
0.294974,
0.294974,
0.294974,
0.294974,
0.294974,
0.294974,
0.294974,
0.294974,
0.294974,
0.294974,
0.294974,
0.294974,
0.294974,
0.294975,
0.294975,
0.294975,
0.294975,
0.294975,
0.294975,
0.294975,
0.294975,


Test errors: 
0.308397,
0.30871,
0.303833,
0.303483,
0.303172,
0.302888,
0.302626,
0.302382,
0.302155,
0.301943,
0.301748,
0.301569,
0.301407,
0.301261,
0.30113,
0.301014,
0.30091,
0.300818,
0.300737,
0.300665,
0.3006,
0.300542,
0.300491,
0.300444,
0.300402,
0.300364,
0.300329,
0.300297,
0.300268,
0.300241,
0.300216,
0.300193,
0.300172,
0.300152,
0.300134,
0.300117,
0.3001,
0.300085,
0.300071,
0.300058,
0.300046,
0.300034,
0.300023,
0.300013,
0.300003,
0.299994,
0.299985,
0.299977,
0.299969,
0.299962,
0.299955,
0.299949,
0.299942,
0.299936,
0.299931,
0.299926,
0.299921,
0.299916,
0.299911,
0.299907,
0.299903,
0.299899,
0.299895,
0.299892,
0.299888,
0.299885,
0.299882,
0.299879,
0.299877,
0.299874,
0.299871,
0.299869,
0.299867,
0.299864,
0.299862,
0.29986,
0.299858,
0.299856,
0.299854,
0.299853,
0.299851,
0.29985,
0.299848,
0.299847,
0.299845,
0.299844,
0.299842,
0.299841,
0.29984,
0.299839,
0.299838,
0.299837,
0.299835,
0.299834,
0.299834,
0.299833,
0.299832,
0.299831,
0.29983,
0.299829,
0.299828,
0.299828,
0.299827,
0.299826,
0.299825,
0.299825,
0.299824,
0.299823,
0.299823,
0.299822,
0.299822,
0.299821,
0.29982,
0.29982,
0.299819,
0.299819,
0.299818,
0.299818,
0.299817,
0.299817,
0.299817,
0.299816,
0.299816,
0.299815,
0.299815,
0.299815,
0.299814,
0.299814,
0.299813,
0.299813,
0.299813,
0.299812,
0.299812,
0.299812,
0.299812,
0.299811,
0.299811,
0.299811,
0.29981,
0.29981,
0.29981,
0.29981,
0.299809,
0.299809,
0.299809,
0.299809,
0.299808,
0.299808,
0.299808,
0.299808,
0.299807,
0.299807,
0.299807,
0.299807,
0.299807,
0.299806,
0.299806,
0.299806,
0.299806,
0.299806,
0.299806,
0.299805,
0.299805,
0.299805,
0.299805,
0.299805,
0.299805,
0.299804,
0.299804,
0.299804,
0.299804,
0.299804,
0.299804,
0.299804,
0.299803,
0.299803,
0.299803,
0.299803,
0.299803,
0.299803,
0.299803,
0.299803,
0.299802,
0.299802,
0.299802,
0.299802,
0.299802,
0.299802,
0.299802,
0.299802,
0.299801,
0.299801,
0.299801,
0.299801,
0.299801,
0.299801,
0.299801,
0.299801,
0.299801,
0.299801,
0.299801,
0.2998,
0.2998,
0.2998,
0.2998,
0.2998,
0.2998,
0.2998,
0.2998,
0.2998,
0.2998,
0.2998,
0.299799,
0.299799,
0.299799,
0.299799,
0.299799,
0.299799,
0.299799,
0.299799,
0.299799,
0.299799,
0.299799,
0.299799,
0.299799,
0.299799,
0.299798,
0.299798,
0.299798,
0.299798,
0.299798,
0.299798,
0.299798,
0.299798,
0.299798,
0.299798,
0.299798,
0.299798,
0.299798,
0.299798,
0.299798,
0.299798,
0.299798,
0.299797,
0.299797,
0.299797,
0.299797,
0.299797,
0.299797,
0.299797,
0.299797,
0.299797,
0.299797,
0.299797,
0.299797,
0.299797,
0.299797,
0.299797,
0.299797,
0.299797,
0.299797,
0.299797,
0.299796,
0.299796,
0.299796,
0.299796,
0.299796,
0.299796,
0.299796,
0.299796,
0.299796,
0.299796,
0.299796,
0.299796,
0.299796,
0.299796,
0.299796,
0.299796,
0.299796,
0.299796,
0.299796,
0.299796,
0.299796,
0.299796,
0.299796,
0.299796,
0.299795,
0.299795,
0.299795,
0.299795,
0.299795,
0.299795,
0.299795,
0.299795,
0.299795,
0.299795,
0.299795,
0.299795,
0.299795,
0.299795,
0.299795,
0.299795,
0.299795,
0.299795,
0.299795,
0.299795,
0.299795,
0.299795,
0.299795,
0.299795,
0.299795,
0.299795,
0.299795,
0.299795,
0.299795,
0.299794,
0.299794,
0.299794,
0.299794,
0.299794,
0.299794,
0.299794,
0.299794,
0.299794,
0.299794,
0.299794,
0.299794,
0.299794,
0.299794,
0.299794,
0.299794,
0.299794,
0.299794,
0.299794,
0.299794,
0.299794,
0.299794,
0.299794,
0.299794,
0.299794,
0.299794,
0.299794,
0.299794,
0.299794,
0.299794,
0.299794,
0.299794,
0.299794,
0.299794,
0.299794,
0.299794,
0.299794,
0.299793,
0.299793,
0.299793,
0.299793,
0.299793,
0.299793,
0.299793,
0.299793,
0.299793,
0.299793,
0.299793,
0.299793,
0.299793,
0.299793,
0.299793,
0.299793,
0.299793,
0.299793,
0.299793,
0.299793,
0.299793,
0.299793,
0.299793,
0.299793,
0.299793,
0.299793,
0.299793,
0.299793,
0.299793,
0.299793,
0.299793,
0.299793,
0.299793,
0.299793,
0.299793,
0.299793,
0.299793,
0.299793,
0.299793,
0.299793,
0.299793,
0.299793,
0.299793,
0.299793,
0.299792,
0.299792,
0.299792,
0.299792,
0.299792,
0.299792,
0.299792,
0.299792,
0.299792,
0.299792,
0.299792,
0.299792,
0.299792,
0.299792,
0.299792,
0.299792,
0.299792,
0.299792,
0.299792,
0.299792,
0.299792,
0.299792,
0.299792,
0.299792,
0.299792,
0.299792,
0.299792,
0.299792,
0.299792,
0.299792,
0.299792,
0.299792,
0.299792,
0.299792,
0.299792,
0.299792,
0.299792,
0.299792,
0.299792,
0.299792,
0.299792,
0.299792,
0.299792,
0.299792,
0.299792,
0.299792,
0.299792,
0.299792,
0.299792,
0.299792,
0.299792,
0.299792,
0.299792,
0.299792,
0.299792,
0.299792,
0.299791,
0.299791,
0.299791,
0.299791,
0.299791,
0.299791,
0.299791,
0.299791,
0.299791,
0.299791,
0.299791,
0.299791,
0.299791,
0.299791,
0.299791,
0.299791,
0.299791,
0.299791,
0.299791,
0.299791,
0.299791,
0.299791,
0.299791,
0.299791,
0.299791,
0.299791,
0.299791,
0.299791,
0.299791,
0.299791,
0.299791,
0.299791,
0.299791,
0.299791,
0.299791,
0.299791,
0.299791,
0.299791,
0.299791,
0.299791,
0.299791,
0.299791,
0.299791,
0.299791,
0.299791,
0.299791,
0.299791,
0.299791,
0.299791,
0.299791,
0.299791,
0.299791,
0.299791,
0.299791,
0.299791,
0.299791,
0.299791,
0.299791,
0.299791,
0.299791,
0.299791,
0.299791,
0.299791,
0.299791,
0.299791,
0.299791,
0.299791,
0.299791,
0.299791,
0.299791,
0.29979,
0.29979,
0.29979,
0.29979,
0.29979,
0.29979,
0.29979,
0.29979,
0.29979,
0.29979,
0.29979,
0.29979,
0.29979,
0.29979,
0.29979,
0.29979,
0.29979,
0.29979,
0.29979,
0.29979,
0.29979,
0.29979,
0.29979,
0.29979,
0.29979,
0.29979,
0.29979,
0.29979,
0.29979,
0.29979,
0.29979,
0.29979,
0.29979,
0.29979,
0.29979,
0.29979,
0.29979,
0.29979,
0.29979,
0.29979,
0.29979,
0.29979,
0.29979,
0.29979,
0.29979,
0.29979,
0.29979,
0.29979,
0.29979,
0.29979,
0.29979,
0.29979,
0.29979,
0.29979,
0.29979,
0.29979,
0.29979,
0.29979,
0.29979,
0.29979,
0.29979,
0.29979,
0.29979,
0.29979,
0.29979,
0.29979,
0.29979,
0.29979,
0.29979,
0.29979,
0.29979,
0.29979,
0.29979,
0.29979,
0.29979,
0.29979,
0.29979,
0.29979,
0.29979,
0.29979,
0.29979,
0.29979,
0.29979,
0.29979,
0.29979,
0.29979,
0.29979,
0.299789,
0.299789,
0.299789,
0.299789,
0.299789,
0.299789,
0.299789,
0.299789,
0.299789,
0.299789,
0.299789,
0.299789,
0.299789,
0.299789,
0.299789,
0.299789,
0.299789,
0.299789,
0.299789,
0.299789,
0.299789,
0.299789,
0.299789,
0.299789,
0.299789,
0.299789,
0.299789,
0.299789,
0.299789,
0.299789,
0.299789,
0.299789,
0.299789,
0.299789,
0.299789,
0.299789,
0.299789,
0.299789,
0.299789,
0.299789,
0.299789,
0.299789,
0.299789,
0.299789,
0.299789,
0.299789,
0.299789,
0.299789,
0.299789,
0.299789,
0.299789,
0.299789,
0.299789,
0.299789,
0.299789,
0.299789,
0.299789,
0.299789,
0.299789,
0.299789,
0.299789,
0.299789,
0.299789,
0.299789,
0.299789,
0.299789,
0.299789,
0.299789,
0.299789,
0.299789,
0.299789,
0.299789,
0.299789,
0.299789,
0.299789,
0.299789,
0.299789,
0.299789,
0.299789,
0.299789,
0.299789,
0.299789,
0.299789,
0.299789,
0.299789,
0.299789,
0.299789,
0.299789,
0.299789,
0.299789,
0.299789,
0.299789,
0.299789,
0.299789,
0.299789,
0.299789,
0.299789,
0.299789,
0.299789,
0.299789,
0.299789,
0.299789,
0.299789,
0.299789,
0.299789,
0.299789,
0.299789,
0.299788,
0.299788,
0.299788,
0.299788,
0.299788,
0.299788,
0.299788,
0.299788,
0.299788,
0.299788,
0.299788,
0.299788,
0.299788,
0.299788,
0.299788,
0.299788,
0.299788,
0.299788,
0.299788,
0.299788,
0.299788,
0.299788,
0.299788,
0.299788,
0.299788,
0.299788,
0.299788,
0.299788,
0.299788,
0.299788,
0.299788,
0.299788,
0.299788,
0.299788,
0.299788,
0.299788,
0.299788,
0.299788,
0.299788,
0.299788,
0.299788,
0.299788,
0.299788,
0.299788,
0.299788,
0.299788,
0.299788,
0.299788,
0.299788,
0.299788,
0.299788,
0.299788,
0.299788,
0.299788,
0.299788,
0.299788,
0.299788,
0.299788,
0.299788,
0.299788,
0.299788,
0.299788,
0.299788,
0.299788,
0.299788,
0.299788,
0.299788,
0.299788,
0.299788,
0.299788,
0.299788,
0.299788,
0.299788,
0.299788,
0.299788,
0.299788,
0.299788,
0.299788,
0.299788,
0.299788,
0.299788,
0.299788,
0.299788,
0.299788,
0.299788,
0.299788,
0.299788,
0.299788,
0.299788,
0.299788,
0.299788,
0.299788,
0.299788,
0.299788,
0.299788,
0.299788,
0.299788,
0.299788,
0.299788,
0.299788,
0.299788,
0.299788,
0.299788,
0.299788,
0.299788,
0.299788,
0.299788,
0.299788,
0.299788,
0.299788,
0.299788,
0.299788,
0.299788,
0.299788,
0.299788,
0.299788,
0.299788,
0.299788,
0.299788,
0.299788,
0.299788,
0.299788,
0.299788,
0.299788,
0.299788,
0.299788,
0.299788,
0.299788,
0.299788,
0.299788,
0.299787,
0.299787,
0.299787,
0.299787,
0.299787,
0.299787,
0.299787,
0.299787,
0.299787,
0.299787,
0.299787,
0.299787,
0.299787,
0.299787,
0.299787,
0.299787,
0.299787,
0.299787,
0.299787,
0.299787,
0.299787,
0.299787,
0.299787,
0.299787,
0.299787,
0.299787,
0.299787,
0.299787,
0.299787,
0.299787,
0.299787,
0.299787,
0.299787,
0.299787,
0.299787,
0.299787,
0.299787,
0.299787,
0.299787,
0.299787,
0.299787,
0.299787,
0.299787,
0.299787,
0.299787,
0.299787,
0.299787,
0.299787,
0.299787,
0.299787,
0.299787,
0.299787,
0.299787,
0.299787,
0.299787,
0.299787,
0.299787,
0.299787,
0.299787,
0.299787,
0.299787,
0.299787,
0.299787,
0.299787,
0.299787,
0.299787,
0.299787,
0.299787,
0.299787,
0.299787,
0.299787,
0.299787,
0.299787,
0.299787,
0.299787,
0.299787,
0.299787,
0.299787,
0.299787,
0.299787,
0.299787,
0.299787,
0.299787,
0.299787,
0.299787,
0.299787,
0.299787,
0.299787,
0.299787,
0.299787,
0.299787,
0.299787,
0.299787,
0.299787,
0.299787,
0.299787,
0.299787,
0.299787,
0.299787,
0.299787,
0.299787,
0.299787,
0.299787,
0.299787,
0.299787,
0.299787,
0.299787,
0.299787,
0.299787,
0.299787,
0.299787,
0.299787,
0.299787,
0.299787,
0.299787,
0.299787,
0.299787,
0.299787,
0.299787,
0.299787,
0.299787,
0.299787,
0.299787,
0.299787,
0.299787,
0.299787,
0.299787,
0.299787,
0.299787,
0.299787,
0.299787,
0.299787,
0.299787,
0.299787,
0.299787,
0.299787,
0.299787,
0.299787,
0.299787,
0.299787,
0.299787,
0.299787,
0.299787,
0.299787,
0.299787,
0.299787,
0.299787,
0.299787,
0.299787,
0.299787,
0.299787,
0.299787,
0.299787,
0.299787,
