FINAL REPORT
************
Train error (Mean +- SD): 0.19731 +- 7.22726e-06
Test error (Mean +- SD): 0.21058 +- 4.24278e-05
Train CCR (Mean +- SD): 0.722222 +- 0
Test CCR (Mean +- SD): 0.706897 +- 0
CONVERGENCE DATA
****************


Iterations: 
1,
2,
3,
4,
5,
6,
7,
8,
9,
10,
11,
12,
13,
14,
15,
16,
17,
18,
19,
20,
21,
22,
23,
24,
25,
26,
27,
28,
29,
30,
31,
32,
33,
34,
35,
36,
37,
38,
39,
40,
41,
42,
43,
44,
45,
46,
47,
48,
49,
50,
51,
52,
53,
54,
55,
56,
57,
58,
59,
60,
61,
62,
63,
64,
65,
66,
67,
68,
69,
70,
71,
72,
73,
74,
75,
76,
77,
78,
79,
80,
81,
82,
83,
84,
85,
86,
87,
88,
89,
90,
91,
92,
93,
94,
95,
96,
97,
98,
99,
100,


Train errors: 
0.200287,
0.200579,
0.200015,
0.201192,
0.20097,
0.200933,
0.200945,
0.200935,
0.200901,
0.200937,
0.200929,
0.20091,
0.200908,
0.200877,
0.200874,
0.200832,
0.200805,
0.200803,
0.200782,
0.200776,
0.200759,
0.20075,
0.200738,
0.200728,
0.200719,
0.20071,
0.200702,
0.200695,
0.200688,
0.200683,
0.200679,
0.200677,
0.200677,
0.200676,
0.200675,
0.200673,
0.200671,
0.200668,
0.200666,
0.200663,
0.200661,
0.200659,
0.200656,
0.200654,
0.200652,
0.200651,
0.200649,
0.200647,
0.200645,
0.200644,
0.200642,
0.200641,
0.200639,
0.201277,
0.201278,
0.201278,
0.201277,
0.201275,
0.201273,
0.201269,
0.201264,
0.201257,
0.201248,
0.201238,
0.201224,
0.201209,
0.201191,
0.20117,
0.201147,
0.201122,
0.201094,
0.201064,
0.201032,
0.200997,
0.200961,
0.200922,
0.200882,
0.200839,
0.200795,
0.20075,
0.200703,
0.200654,
0.200605,
0.200554,
0.200502,
0.20045,
0.200396,
0.200342,
0.200287,
0.200231,
0.200174,
0.200117,
0.200059,
0.2,
0.19994,
0.199879,
0.199817,
0.199754,
0.19969,
0.199624,


Test errors: 
0.208855,
0.20904,
0.207472,
0.2107,
0.210357,
0.210227,
0.210178,
0.210122,
0.210055,
0.21004,
0.21,
0.209937,
0.209948,
0.209828,
0.209872,
0.209687,
0.209624,
0.20959,
0.209534,
0.209499,
0.20945,
0.209414,
0.209373,
0.209338,
0.209305,
0.209274,
0.209245,
0.209217,
0.209191,
0.20917,
0.209151,
0.209132,
0.209115,
0.209098,
0.209083,
0.209067,
0.209052,
0.209038,
0.209024,
0.20901,
0.208997,
0.208985,
0.208972,
0.208961,
0.208949,
0.208938,
0.208927,
0.208917,
0.208907,
0.208897,
0.208888,
0.208879,
0.220756,
0.210495,
0.210501,
0.210502,
0.210504,
0.210505,
0.210505,
0.210504,
0.210502,
0.210497,
0.21049,
0.21048,
0.210468,
0.210452,
0.210434,
0.210413,
0.210388,
0.210361,
0.21033,
0.210296,
0.210259,
0.210219,
0.210175,
0.210129,
0.210081,
0.210029,
0.209975,
0.209919,
0.20986,
0.209799,
0.209736,
0.209671,
0.209604,
0.209535,
0.209465,
0.209393,
0.20932,
0.209246,
0.20917,
0.209093,
0.209016,
0.208937,
0.208857,
0.208776,
0.208695,
0.208612,
0.208529,
0.208445,
