FINAL REPORT
************
Train error (Mean +- SD): 0.285685 +- 2.53011e-05
Test error (Mean +- SD): 0.302783 +- 0.000101118
Train CCR (Mean +- SD): 0.722222 +- 0
Test CCR (Mean +- SD): 0.706897 +- 0
CONVERGENCE DATA
****************


Iterations: 
1,
2,
3,
4,
5,
6,
7,
8,
9,
10,
11,
12,
13,
14,
15,
16,
17,
18,
19,
20,
21,
22,
23,
24,
25,
26,
27,
28,
29,
30,
31,
32,
33,
34,
35,
36,
37,
38,
39,
40,
41,
42,
43,
44,
45,
46,
47,
48,
49,
50,
51,
52,
53,
54,
55,
56,
57,
58,
59,
60,
61,
62,
63,
64,
65,
66,
67,
68,
69,
70,
71,
72,
73,
74,
75,
76,
77,
78,
79,
80,
81,
82,
83,
84,
85,
86,
87,
88,
89,
90,
91,
92,
93,
94,
95,
96,
97,
98,
99,
100,
101,
102,
103,
104,
105,
106,
107,
108,
109,
110,
111,
112,
113,
114,
115,
116,
117,
118,
119,
120,
121,
122,
123,
124,
125,
126,
127,
128,
129,
130,
131,
132,
133,
134,
135,
136,
137,
138,
139,
140,
141,
142,
143,
144,
145,
146,
147,
148,
149,
150,
151,
152,
153,
154,
155,
156,
157,
158,
159,
160,
161,
162,
163,
164,
165,
166,
167,
168,
169,
170,
171,
172,
173,
174,
175,
176,
177,
178,
179,
180,
181,
182,
183,
184,
185,
186,
187,
188,
189,
190,
191,
192,
193,
194,
195,
196,
197,
198,
199,
200,
201,
202,
203,
204,
205,
206,
207,
208,
209,
210,
211,
212,
213,
214,
215,
216,
217,
218,
219,
220,
221,
222,
223,
224,
225,
226,
227,
228,
229,
230,
231,
232,
233,
234,
235,
236,
237,
238,
239,
240,
241,
242,
243,
244,
245,
246,
247,
248,
249,
250,
251,
252,
253,
254,
255,
256,
257,
258,
259,
260,
261,
262,
263,
264,
265,
266,
267,
268,
269,
270,
271,
272,
273,
274,
275,
276,
277,
278,
279,
280,
281,
282,
283,
284,
285,
286,
287,
288,
289,
290,
291,
292,
293,
294,
295,
296,
297,
298,
299,
300,
301,
302,
303,
304,
305,
306,
307,
308,
309,
310,
311,
312,
313,
314,
315,
316,
317,
318,
319,
320,
321,
322,
323,
324,
325,
326,
327,
328,
329,
330,
331,
332,
333,
334,
335,
336,
337,
338,
339,
340,
341,
342,
343,
344,
345,
346,
347,
348,
349,
350,
351,
352,
353,
354,
355,
356,
357,
358,
359,
360,
361,
362,
363,
364,
365,
366,
367,
368,
369,
370,
371,
372,
373,
374,
375,
376,
377,
378,
379,
380,
381,
382,
383,
384,
385,
386,
387,
388,
389,
390,
391,
392,
393,
394,
395,
396,
397,
398,
399,
400,
401,
402,
403,
404,
405,
406,
407,
408,
409,
410,
411,
412,
413,
414,
415,
416,
417,
418,
419,
420,
421,
422,
423,
424,
425,
426,
427,
428,
429,
430,
431,
432,
433,
434,
435,
436,
437,
438,
439,
440,
441,
442,
443,
444,
445,
446,
447,
448,
449,
450,
451,
452,
453,
454,
455,
456,
457,
458,
459,
460,
461,
462,
463,
464,
465,
466,
467,
468,
469,
470,
471,
472,
473,
474,
475,
476,
477,
478,
479,
480,
481,
482,
483,
484,
485,
486,
487,
488,
489,
490,
491,
492,
493,
494,
495,
496,
497,
498,
499,
500,
501,
502,
503,
504,
505,
506,
507,
508,
509,
510,
511,
512,
513,
514,
515,
516,
517,
518,
519,
520,
521,
522,
523,
524,
525,
526,
527,
528,
529,
530,
531,
532,
533,
534,
535,
536,
537,
538,
539,
540,
541,
542,
543,
544,
545,
546,
547,
548,
549,
550,
551,
552,
553,
554,
555,
556,
557,
558,
559,
560,
561,
562,
563,
564,
565,
566,
567,
568,
569,
570,
571,
572,
573,
574,
575,
576,
577,
578,
579,
580,
581,
582,
583,
584,
585,
586,
587,
588,
589,
590,
591,
592,
593,
594,
595,
596,
597,
598,
599,
600,
601,
602,
603,
604,
605,
606,
607,
608,
609,
610,
611,
612,
613,
614,
615,
616,
617,
618,
619,
620,
621,
622,
623,
624,
625,
626,
627,
628,
629,
630,
631,
632,
633,
634,
635,
636,
637,
638,
639,
640,
641,
642,
643,
644,
645,
646,
647,
648,
649,
650,
651,
652,
653,
654,
655,
656,
657,
658,
659,
660,
661,
662,
663,
664,
665,
666,
667,
668,
669,
670,
671,
672,
673,
674,
675,
676,
677,
678,
679,
680,
681,
682,
683,
684,
685,
686,
687,
688,
689,
690,
691,
692,
693,
694,
695,
696,
697,
698,
699,
700,
701,
702,
703,
704,
705,
706,
707,
708,
709,
710,
711,
712,
713,
714,
715,
716,
717,
718,
719,
720,
721,
722,
723,
724,
725,
726,
727,
728,
729,
730,
731,
732,
733,
734,
735,
736,
737,
738,
739,
740,
741,
742,
743,
744,
745,
746,
747,
748,
749,
750,
751,
752,
753,
754,
755,
756,
757,
758,
759,
760,
761,
762,
763,
764,
765,
766,
767,
768,
769,
770,
771,
772,
773,
774,
775,
776,
777,
778,
779,
780,
781,
782,
783,
784,
785,
786,
787,
788,
789,
790,
791,
792,
793,
794,
795,
796,
797,
798,
799,
800,
801,
802,
803,
804,
805,
806,
807,
808,
809,
810,
811,
812,
813,
814,
815,
816,
817,
818,
819,
820,
821,
822,
823,
824,
825,
826,
827,
828,
829,
830,
831,
832,
833,
834,
835,
836,
837,
838,
839,
840,
841,
842,
843,
844,
845,
846,
847,
848,
849,
850,
851,
852,
853,
854,
855,
856,
857,
858,
859,
860,
861,
862,
863,
864,
865,
866,
867,
868,
869,
870,
871,
872,
873,
874,
875,
876,
877,
878,
879,
880,
881,
882,
883,
884,
885,
886,
887,
888,
889,
890,
891,
892,
893,
894,
895,
896,
897,
898,
899,
900,
901,
902,
903,
904,
905,
906,
907,
908,
909,
910,
911,
912,
913,
914,
915,
916,
917,
918,
919,
920,
921,
922,
923,
924,
925,
926,
927,
928,
929,
930,
931,
932,
933,
934,
935,
936,
937,
938,
939,
940,
941,
942,
943,
944,
945,
946,
947,
948,
949,
950,
951,
952,
953,
954,
955,
956,
957,
958,
959,
960,
961,
962,
963,
964,
965,
966,
967,
968,
969,
970,
971,
972,
973,
974,
975,
976,
977,
978,
979,
980,
981,
982,
983,
984,
985,
986,
987,
988,
989,
990,
991,
992,
993,
994,
995,
996,
997,
998,
999,
1000,


Train errors: 
0.304064,
0.306381,
0.304174,
0.299866,
0.300943,
0.299072,
0.299206,
0.298474,
0.29787,
0.297613,
0.297137,
0.29684,
0.296439,
0.296141,
0.295904,
0.295511,
0.295118,
0.294772,
0.294245,
0.293961,
0.293784,
0.29344,
0.293198,
0.292922,
0.292585,
0.292329,
0.292014,
0.291662,
0.291465,
0.291283,
0.291011,
0.290811,
0.290609,
0.290297,
0.290096,
0.289972,
0.289771,
0.289504,
0.289318,
0.28919,
0.289026,
0.288844,
0.288677,
0.288535,
0.288397,
0.288214,
0.288097,
0.287983,
0.287816,
0.287713,
0.287558,
0.287327,
0.287359,
0.287242,
0.287179,
0.28716,
0.286933,
0.286955,
0.286747,
0.286445,
0.286381,
0.286232,
0.286223,
0.286213,
0.285959,
0.286031,
0.285894,
0.285981,
0.285734,
0.286024,
0.286006,
0.285931,
0.285971,
0.285618,
0.285518,
0.285473,
0.285412,
0.285358,
0.285307,
0.285258,
0.285209,
0.285161,
0.285115,
0.285069,
0.285025,
0.284981,
0.284939,
0.284897,
0.284856,
0.284816,
0.284777,
0.284739,
0.284701,
0.284664,
0.284628,
0.284593,
0.284558,
0.284524,
0.284491,
0.284458,
0.284426,
0.284395,
0.284364,
0.284333,
0.284304,
0.284274,
0.284246,
0.284218,
0.28419,
0.284163,
0.284136,
0.28411,
0.284085,
0.284059,
0.284034,
0.28401,
0.283986,
0.283963,
0.283939,
0.283917,
0.283894,
0.283872,
0.283851,
0.283829,
0.283808,
0.283788,
0.283767,
0.283747,
0.283728,
0.283708,
0.283689,
0.283671,
0.283652,
0.283634,
0.283616,
0.283599,
0.283581,
0.283564,
0.283547,
0.283531,
0.283514,
0.283498,
0.283482,
0.283467,
0.283451,
0.283436,
0.283421,
0.283406,
0.283392,
0.283377,
0.283363,
0.283349,
0.283335,
0.283322,
0.283308,
0.283295,
0.283282,
0.283269,
0.283256,
0.283244,
0.283231,
0.283219,
0.283207,
0.283195,
0.283184,
0.283172,
0.28316,
0.283149,
0.283138,
0.283127,
0.283116,
0.283105,
0.283095,
0.283084,
0.283074,
0.283063,
0.283053,
0.283043,
0.283033,
0.283024,
0.283014,
0.283004,
0.282995,
0.282986,
0.282976,
0.282967,
0.282958,
0.282949,
0.282941,
0.282932,
0.282923,
0.282915,
0.282906,
0.282898,
0.28289,
0.282882,
0.282874,
0.282866,
0.282858,
0.28285,
0.282842,
0.282834,
0.282827,
0.282819,
0.282812,
0.282805,
0.282797,
0.28279,
0.282783,
0.282776,
0.282769,
0.282762,
0.282756,
0.282749,
0.282742,
0.282735,
0.282729,
0.282722,
0.282716,
0.28271,
0.282703,
0.282697,
0.282691,
0.282685,
0.282679,
0.282673,
0.282667,
0.282661,
0.282655,
0.282649,
0.282644,
0.282638,
0.282632,
0.282627,
0.282621,
0.282616,
0.28261,
0.282605,
0.2826,
0.282594,
0.282589,
0.282584,
0.282579,
0.282574,
0.282569,
0.282564,
0.282559,
0.282554,
0.282549,
0.282544,
0.282539,
0.282535,
0.28253,
0.282525,
0.282521,
0.282516,
0.282512,
0.282507,
0.282503,
0.282498,
0.282494,
0.28249,
0.282485,
0.282481,
0.282477,
0.282472,
0.282468,
0.282464,
0.28246,
0.282456,
0.282452,
0.282448,
0.282444,
0.28244,
0.282436,
0.282432,
0.282428,
0.282425,
0.282421,
0.282417,
0.282413,
0.282409,
0.282406,
0.282402,
0.282399,
0.282395,
0.282391,
0.282388,
0.282384,
0.282381,
0.282377,
0.282374,
0.282371,
0.282367,
0.282364,
0.28236,
0.282357,
0.282354,
0.282351,
0.282347,
0.282344,
0.282341,
0.282338,
0.282335,
0.282331,
0.282328,
0.282325,
0.282322,
0.282319,
0.282316,
0.282313,
0.28231,
0.282307,
0.282304,
0.282301,
0.282299,
0.282296,
0.282293,
0.28229,
0.282287,
0.282284,
0.282282,
0.282279,
0.282276,
0.282273,
0.282271,
0.282268,
0.282265,
0.282263,
0.28226,
0.282257,
0.282255,
0.282252,
0.28225,
0.282247,
0.282245,
0.282242,
0.28224,
0.282237,
0.282235,
0.282232,
0.28223,
0.282227,
0.282225,
0.282222,
0.28222,
0.282218,
0.282215,
0.282213,
0.282211,
0.282208,
0.282206,
0.282204,
0.282202,
0.282199,
0.282197,
0.282195,
0.282193,
0.282191,
0.282188,
0.282186,
0.282184,
0.282182,
0.28218,
0.282178,
0.282176,
0.282173,
0.282171,
0.282169,
0.282167,
0.282165,
0.282163,
0.282161,
0.282159,
0.282157,
0.282155,
0.282153,
0.282151,
0.282149,
0.282147,
0.282145,
0.282143,
0.282142,
0.28214,
0.282138,
0.282136,
0.282134,
0.282132,
0.28213,
0.282128,
0.282127,
0.282125,
0.282123,
0.282121,
0.282119,
0.282118,
0.282116,
0.282114,
0.282112,
0.282111,
0.282109,
0.282107,
0.282105,
0.282104,
0.282102,
0.2821,
0.282099,
0.282097,
0.282095,
0.282094,
0.282092,
0.28209,
0.282089,
0.282087,
0.282085,
0.282084,
0.282082,
0.282081,
0.282079,
0.282077,
0.282076,
0.282074,
0.282073,
0.282071,
0.28207,
0.282068,
0.282067,
0.282065,
0.282063,
0.282062,
0.28206,
0.282059,
0.282057,
0.282056,
0.282055,
0.282053,
0.282052,
0.28205,
0.282049,
0.282047,
0.282046,
0.282044,
0.282043,
0.282041,
0.28204,
0.282039,
0.282037,
0.282036,
0.282034,
0.282033,
0.282032,
0.28203,
0.282029,
0.282028,
0.282026,
0.282025,
0.282023,
0.282022,
0.282021,
0.282019,
0.282018,
0.282017,
0.282015,
0.282014,
0.282013,
0.282011,
0.28201,
0.282009,
0.282007,
0.282006,
0.282005,
0.282003,
0.282002,
0.282001,
0.281999,
0.281998,
0.281997,
0.281996,
0.281994,
0.281993,
0.281992,
0.28199,
0.281989,
0.281988,
0.281986,
0.281985,
0.281984,
0.281982,
0.281981,
0.281979,
0.281978,
0.281977,
0.281975,
0.281974,
0.281972,
0.281971,
0.281969,
0.281968,
0.281966,
0.281964,
0.281963,
0.281961,
0.281959,
0.281957,
0.281955,
0.281953,
0.28195,
0.281948,
0.281945,
0.281941,
0.281938,
0.281934,
0.281929,
0.281924,
0.281917,
0.281909,
0.2819,
0.281889,
0.281876,
0.28186,
0.281842,
0.281822,
0.2818,
0.281777,
0.281753,
0.281729,
0.281707,
0.281685,
0.281666,
0.281648,
0.281633,
0.281619,
0.281606,
0.281596,
0.281586,
0.281577,
0.28157,
0.281562,
0.281556,
0.281553,
0.281545,
0.281537,
0.281544,
0.281534,
0.281513,
0.281542,
0.281541,
0.281467,
0.281543,
0.281603,
0.281401,
0.281499,
0.281728,
0.281538,
0.281266,
0.281704,
0.281849,
0.281649,
0.281294,
0.28146,
0.281787,
0.281677,
0.281254,
0.281433,
0.281802,
0.281735,
0.281339,
0.281325,
0.28174,
0.281744,
0.281332,
0.281315,
0.281727,
0.281731,
0.281312,
0.281312,
0.281726,
0.281725,
0.281309,
0.281301,
0.281715,
0.281716,
0.281299,
0.281295,
0.281711,
0.28171,
0.281293,
0.281289,
0.281704,
0.281704,
0.281287,
0.281283,
0.281699,
0.281698,
0.281282,
0.281278,
0.281693,
0.281693,
0.281276,
0.281274,
0.281689,
0.281689,
0.281272,
0.28127,
0.281685,
0.281685,
0.281268,
0.281266,
0.281682,
0.281682,
0.281264,
0.281263,
0.281679,
0.281678,
0.28126,
0.281259,
0.281676,
0.281676,
0.281257,
0.281256,
0.281674,
0.281673,
0.281253,
0.281253,
0.281672,
0.281671,
0.28125,
0.28125,
0.28167,
0.281669,
0.281247,
0.281247,
0.281668,
0.281667,
0.281244,
0.281245,
0.281667,
0.281666,
0.281242,
0.281242,
0.281665,
0.281664,
0.281239,
0.281239,
0.281664,
0.281663,
0.281236,
0.281237,
0.281663,
0.281662,
0.281234,
0.281234,
0.281661,
0.28166,
0.281231,
0.281232,
0.28166,
0.281659,
0.281229,
0.281229,
0.281659,
0.281658,
0.281226,
0.281227,
0.281658,
0.281657,
0.281224,
0.281225,
0.281657,
0.281656,
0.281222,
0.281222,
0.281656,
0.281655,
0.281219,
0.28122,
0.281655,
0.281654,
0.281217,
0.281218,
0.281654,
0.281653,
0.281215,
0.281215,
0.281653,
0.281652,
0.281212,
0.281213,
0.281652,
0.281651,
0.28121,
0.281211,
0.28165,
0.28165,
0.281208,
0.281209,
0.281649,
0.281648,
0.281206,
0.281206,
0.281648,
0.281647,
0.281203,
0.281204,
0.281647,
0.281646,
0.281201,
0.281202,
0.281646,
0.281645,
0.281199,
0.2812,
0.281645,
0.281644,
0.281197,
0.281197,
0.281644,
0.281643,
0.281195,
0.281195,
0.281643,
0.281642,
0.281192,
0.281193,
0.281642,
0.281641,
0.28119,
0.281191,
0.281641,
0.28164,
0.281188,
0.281189,
0.28164,
0.281639,
0.281186,
0.281186,
0.281638,
0.281638,
0.281184,
0.281184,
0.281637,
0.281636,
0.281181,
0.281182,
0.281636,
0.281635,
0.281179,
0.28118,
0.281635,
0.281634,
0.281177,
0.281177,
0.281634,
0.281633,
0.281174,
0.281175,
0.281632,
0.281632,
0.281172,
0.281173,
0.281631,
0.28163,
0.28117,
0.28117,
0.28163,
0.281629,
0.281168,
0.281168,
0.281629,
0.281628,
0.281165,
0.281166,
0.281628,
0.281627,
0.281163,
0.281163,
0.281626,
0.281625,
0.28116,
0.281161,
0.281625,
0.281624,
0.281158,
0.281159,
0.281624,
0.281623,
0.281156,
0.281156,
0.281622,
0.281622,
0.281153,
0.281154,
0.281621,
0.28162,
0.281151,
0.281151,
0.28162,
0.281619,
0.281148,
0.281149,
0.281618,
0.281618,
0.281146,
0.281146,
0.281617,
0.281616,
0.281143,
0.281144,
0.281616,
0.281615,
0.281141,
0.281141,
0.281614,
0.281613,
0.281138,
0.281139,
0.281613,
0.281612,
0.281136,
0.281136,
0.281611,
0.281611,
0.281133,
0.281134,
0.28161,
0.281609,
0.281131,
0.281131,
0.281609,
0.281608,
0.281128,
0.281128,
0.281607,
0.281606,
0.281125,
0.281126,
0.281606,
0.281605,
0.281122,
0.281123,
0.281604,
0.281603,
0.28112,
0.28112,
0.281602,
0.281602,
0.281117,
0.281118,
0.281601,
0.281601,
0.281115,
0.281114,
0.281599,
0.281598,
0.28111,
0.281112,
0.281599,
0.281598,
0.281113,
0.281108,
0.281594,
0.281593,
0.281098,
0.281108,
0.281599,
0.281598,
0.281119,
0.281098,
0.281583,
0.281583,
0.281069,
0.281105,
0.281608,
0.281609,
0.281171,
0.281062,
0.281532,
0.28155,
0.280991,
0.281069,
0.28163,
0.281651,
0.281393,
0.280974,
0.281155,
0.281611,
0.28157,
0.281067,
0.281086,
0.281596,
0.281598,
0.28114,
0.28106,
0.281541,
0.281549,
0.280988,
0.281059,
0.281618,
0.281637,
0.281346,
0.280959,
0.281189,
0.281585,
0.281478,
0.280923,
0.280992,
0.281614,
0.281645,
0.281396,
0.280962,
0.281111,
0.281601,
0.281578,
0.281105,
0.281048,
0.281544,
0.281547,
0.280989,
0.281046,
0.2816,
0.281614,
0.281259,
0.280959,
0.281304,
0.281515,
0.281119,
0.281005,
0.281524,
0.281546,
0.280978,
0.281038,
0.2816,
0.281616,
0.281287,
0.280938,
0.281226,
0.281542,
0.2813,
0.280876,
0.281085,
0.281591,
0.281577,
0.281109,
0.281023,
0.281524,
0.281528,
0.280934,
0.28099,
0.281597,
0.281624,
0.281357,
0.280917,
0.281069,
0.281588,
0.281576,
0.281125,
0.280995,
0.281484,
0.281497,
0.280891,
0.28093,
0.281573,
0.281604,
0.281252,
0.280922,
0.281229,
0.281511,
0.281194,
0.280893,
0.281297,
0.281482,
0.281009,
0.281006,
0.281568,
0.281582,
0.281147,
0.280967,
0.281438,
0.281468,
0.280852,
0.280869,
0.281529,
0.28155,
0.280995,
0.281017,
0.281557,
0.281558,
0.281058,
0.280997,
0.281513,
0.281509,
0.280901,
0.28094,
0.281566,
0.281591,
0.281242,
0.280892,
0.281171,
0.281509,
0.281268,


Test errors: 
0.322805,
0.327924,
0.324225,
0.316792,
0.316514,
0.315473,
0.316641,
0.315199,
0.313222,
0.312486,
0.312497,
0.312289,
0.311409,
0.310839,
0.310876,
0.310062,
0.309625,
0.308717,
0.3071,
0.306353,
0.306429,
0.306294,
0.305456,
0.304655,
0.304243,
0.303531,
0.302624,
0.301643,
0.301352,
0.300944,
0.300514,
0.300043,
0.299364,
0.29818,
0.29784,
0.297956,
0.297558,
0.296743,
0.296293,
0.296155,
0.295754,
0.295286,
0.294945,
0.294502,
0.294279,
0.293959,
0.293377,
0.292975,
0.292848,
0.292528,
0.292245,
0.2918,
0.292047,
0.291759,
0.291856,
0.291686,
0.291351,
0.291155,
0.290932,
0.290786,
0.290681,
0.290525,
0.290342,
0.290215,
0.290133,
0.290003,
0.289816,
0.289695,
0.289621,
0.289519,
0.289551,
0.290054,
0.289974,
0.28994,
0.289731,
0.289535,
0.289487,
0.289467,
0.289361,
0.289215,
0.289117,
0.289063,
0.288989,
0.288882,
0.28878,
0.288706,
0.288638,
0.288554,
0.288463,
0.288384,
0.288314,
0.288242,
0.288163,
0.288086,
0.288016,
0.287949,
0.287879,
0.287808,
0.28774,
0.287675,
0.28761,
0.287545,
0.287481,
0.287419,
0.287358,
0.287298,
0.287238,
0.287179,
0.287122,
0.287065,
0.287009,
0.286953,
0.286899,
0.286845,
0.286792,
0.28674,
0.286688,
0.286638,
0.286588,
0.286538,
0.28649,
0.286442,
0.286394,
0.286347,
0.286301,
0.286256,
0.286211,
0.286167,
0.286123,
0.28608,
0.286037,
0.285995,
0.285953,
0.285912,
0.285872,
0.285832,
0.285792,
0.285753,
0.285715,
0.285677,
0.285639,
0.285602,
0.285565,
0.285529,
0.285493,
0.285457,
0.285422,
0.285387,
0.285353,
0.285319,
0.285286,
0.285253,
0.28522,
0.285187,
0.285155,
0.285124,
0.285092,
0.285061,
0.285031,
0.285,
0.28497,
0.28494,
0.284911,
0.284882,
0.284853,
0.284825,
0.284796,
0.284768,
0.284741,
0.284713,
0.284686,
0.28466,
0.284633,
0.284607,
0.284581,
0.284555,
0.284529,
0.284504,
0.284479,
0.284454,
0.28443,
0.284405,
0.284381,
0.284357,
0.284333,
0.28431,
0.284287,
0.284264,
0.284241,
0.284218,
0.284196,
0.284174,
0.284152,
0.28413,
0.284108,
0.284087,
0.284065,
0.284044,
0.284023,
0.284003,
0.283982,
0.283962,
0.283941,
0.283921,
0.283902,
0.283882,
0.283862,
0.283843,
0.283824,
0.283805,
0.283786,
0.283767,
0.283748,
0.28373,
0.283711,
0.283693,
0.283675,
0.283657,
0.283639,
0.283622,
0.283604,
0.283587,
0.28357,
0.283552,
0.283535,
0.283518,
0.283502,
0.283485,
0.283469,
0.283452,
0.283436,
0.28342,
0.283404,
0.283388,
0.283372,
0.283356,
0.283341,
0.283325,
0.28331,
0.283294,
0.283279,
0.283264,
0.283249,
0.283234,
0.28322,
0.283205,
0.28319,
0.283176,
0.283161,
0.283147,
0.283133,
0.283119,
0.283105,
0.283091,
0.283077,
0.283063,
0.283049,
0.283036,
0.283022,
0.283009,
0.282995,
0.282982,
0.282969,
0.282956,
0.282943,
0.28293,
0.282917,
0.282904,
0.282891,
0.282878,
0.282866,
0.282853,
0.282841,
0.282828,
0.282816,
0.282804,
0.282791,
0.282779,
0.282767,
0.282755,
0.282743,
0.282731,
0.282719,
0.282708,
0.282696,
0.282684,
0.282673,
0.282661,
0.28265,
0.282638,
0.282627,
0.282616,
0.282604,
0.282593,
0.282582,
0.282571,
0.28256,
0.282549,
0.282538,
0.282527,
0.282516,
0.282505,
0.282494,
0.282484,
0.282473,
0.282462,
0.282452,
0.282441,
0.282431,
0.28242,
0.28241,
0.282399,
0.282389,
0.282379,
0.282368,
0.282358,
0.282348,
0.282338,
0.282328,
0.282318,
0.282308,
0.282298,
0.282288,
0.282278,
0.282268,
0.282258,
0.282248,
0.282238,
0.282228,
0.282219,
0.282209,
0.282199,
0.28219,
0.28218,
0.28217,
0.282161,
0.282151,
0.282142,
0.282132,
0.282123,
0.282113,
0.282104,
0.282094,
0.282085,
0.282076,
0.282066,
0.282057,
0.282048,
0.282039,
0.282029,
0.28202,
0.282011,
0.282002,
0.281992,
0.281983,
0.281974,
0.281965,
0.281956,
0.281947,
0.281938,
0.281929,
0.28192,
0.281911,
0.281902,
0.281893,
0.281884,
0.281875,
0.281866,
0.281857,
0.281848,
0.281839,
0.28183,
0.281821,
0.281812,
0.281803,
0.281794,
0.281785,
0.281777,
0.281768,
0.281759,
0.28175,
0.281741,
0.281732,
0.281723,
0.281714,
0.281706,
0.281697,
0.281688,
0.281679,
0.28167,
0.281661,
0.281653,
0.281644,
0.281635,
0.281626,
0.281617,
0.281608,
0.281599,
0.281591,
0.281582,
0.281573,
0.281564,
0.281555,
0.281546,
0.281537,
0.281528,
0.281519,
0.28151,
0.281502,
0.281493,
0.281484,
0.281475,
0.281466,
0.281457,
0.281448,
0.281439,
0.28143,
0.281421,
0.281412,
0.281402,
0.281393,
0.281384,
0.281375,
0.281366,
0.281357,
0.281348,
0.281338,
0.281329,
0.28132,
0.281311,
0.281301,
0.281292,
0.281283,
0.281273,
0.281264,
0.281255,
0.281245,
0.281236,
0.281226,
0.281217,
0.281207,
0.281198,
0.281188,
0.281178,
0.281169,
0.281159,
0.281149,
0.28114,
0.28113,
0.28112,
0.28111,
0.2811,
0.281091,
0.281081,
0.281071,
0.281061,
0.281051,
0.281041,
0.28103,
0.28102,
0.28101,
0.281,
0.28099,
0.280979,
0.280969,
0.280959,
0.280948,
0.280938,
0.280927,
0.280917,
0.280906,
0.280895,
0.280885,
0.280874,
0.280863,
0.280852,
0.280842,
0.280831,
0.28082,
0.280809,
0.280798,
0.280787,
0.280776,
0.280764,
0.280753,
0.280742,
0.280731,
0.280719,
0.280708,
0.280697,
0.280685,
0.280674,
0.280662,
0.280651,
0.280639,
0.280627,
0.280616,
0.280604,
0.280592,
0.28058,
0.280569,
0.280557,
0.280545,
0.280533,
0.280521,
0.280509,
0.280498,
0.280486,
0.280474,
0.280462,
0.28045,
0.280438,
0.280426,
0.280414,
0.280402,
0.280389,
0.280377,
0.280364,
0.280351,
0.280337,
0.280323,
0.280308,
0.280293,
0.280277,
0.28026,
0.280244,
0.280227,
0.280211,
0.280195,
0.28018,
0.280165,
0.280151,
0.280138,
0.280127,
0.280115,
0.280104,
0.280095,
0.280085,
0.280076,
0.28007,
0.280059,
0.280049,
0.280053,
0.28004,
0.280017,
0.280043,
0.280039,
0.279962,
0.280036,
0.280089,
0.279875,
0.279986,
0.280218,
0.280026,
0.279586,
0.280185,
0.280643,
0.280159,
0.279722,
0.279917,
0.28033,
0.280156,
0.279616,
0.279891,
0.280417,
0.280247,
0.279782,
0.279738,
0.28024,
0.280257,
0.279744,
0.279714,
0.280227,
0.280233,
0.279694,
0.279694,
0.280232,
0.280227,
0.279679,
0.279663,
0.280208,
0.280211,
0.279652,
0.279644,
0.2802,
0.2802,
0.279634,
0.279624,
0.280186,
0.280186,
0.279614,
0.279606,
0.280176,
0.280175,
0.279597,
0.27959,
0.280165,
0.280164,
0.279582,
0.279576,
0.280155,
0.280155,
0.279567,
0.279562,
0.280147,
0.280146,
0.279554,
0.27955,
0.280139,
0.280138,
0.279542,
0.279538,
0.280132,
0.28013,
0.27953,
0.279528,
0.280125,
0.280124,
0.27952,
0.279518,
0.28012,
0.280118,
0.27951,
0.279508,
0.280114,
0.280112,
0.2795,
0.279499,
0.280109,
0.280107,
0.279491,
0.279491,
0.280105,
0.280102,
0.279483,
0.279482,
0.280101,
0.280098,
0.279475,
0.279474,
0.280097,
0.280094,
0.279467,
0.279467,
0.280093,
0.280091,
0.279459,
0.279459,
0.28009,
0.280087,
0.279452,
0.279452,
0.280087,
0.280084,
0.279444,
0.279445,
0.280084,
0.280081,
0.279438,
0.279438,
0.280081,
0.280079,
0.279431,
0.279431,
0.280079,
0.280076,
0.279424,
0.279424,
0.280076,
0.280074,
0.279418,
0.279418,
0.280074,
0.280072,
0.279411,
0.279412,
0.280072,
0.28007,
0.279405,
0.279405,
0.28007,
0.280068,
0.279399,
0.279399,
0.280068,
0.280066,
0.279393,
0.279393,
0.280067,
0.280064,
0.279387,
0.279387,
0.280065,
0.280063,
0.279381,
0.279381,
0.280063,
0.280061,
0.279375,
0.279375,
0.280062,
0.28006,
0.279369,
0.279369,
0.280061,
0.280059,
0.279363,
0.279364,
0.280059,
0.280057,
0.279358,
0.279358,
0.280058,
0.280056,
0.279352,
0.279353,
0.280057,
0.280055,
0.279347,
0.279347,
0.280056,
0.280054,
0.279341,
0.279341,
0.280056,
0.280053,
0.279336,
0.279336,
0.280055,
0.280053,
0.27933,
0.279331,
0.280054,
0.280052,
0.279325,
0.279325,
0.280053,
0.280051,
0.279319,
0.27932,
0.280053,
0.280051,
0.279314,
0.279314,
0.280053,
0.280051,
0.279309,
0.279309,
0.280052,
0.28005,
0.279303,
0.279304,
0.280052,
0.28005,
0.279298,
0.279299,
0.280052,
0.28005,
0.279293,
0.279293,
0.280052,
0.28005,
0.279288,
0.279288,
0.280051,
0.28005,
0.279283,
0.279283,
0.280051,
0.28005,
0.279277,
0.279278,
0.280052,
0.28005,
0.279272,
0.279273,
0.280052,
0.28005,
0.279267,
0.279267,
0.280052,
0.28005,
0.279262,
0.279262,
0.280052,
0.28005,
0.279257,
0.279257,
0.280053,
0.280051,
0.279252,
0.279252,
0.280053,
0.280051,
0.279246,
0.279247,
0.280054,
0.280052,
0.279241,
0.279242,
0.280054,
0.280052,
0.279236,
0.279236,
0.280055,
0.280053,
0.279231,
0.279231,
0.280055,
0.280054,
0.279226,
0.279226,
0.280056,
0.280055,
0.279221,
0.279221,
0.280057,
0.280055,
0.279216,
0.279216,
0.280058,
0.280056,
0.27921,
0.279211,
0.280059,
0.280057,
0.279205,
0.279205,
0.28006,
0.280058,
0.2792,
0.2792,
0.280061,
0.280059,
0.279195,
0.279195,
0.280062,
0.28006,
0.279189,
0.27919,
0.280064,
0.280062,
0.279185,
0.279184,
0.280064,
0.280062,
0.279178,
0.279179,
0.280067,
0.280066,
0.279175,
0.279173,
0.280064,
0.280063,
0.279165,
0.279169,
0.280074,
0.280073,
0.27917,
0.279161,
0.280059,
0.280057,
0.279143,
0.27916,
0.280094,
0.280093,
0.279181,
0.279143,
0.280025,
0.280026,
0.279087,
0.279152,
0.280162,
0.280178,
0.279268,
0.27908,
0.279846,
0.279894,
0.278906,
0.279079,
0.280335,
0.280527,
0.279616,
0.278889,
0.279182,
0.280178,
0.280029,
0.279116,
0.279119,
0.280129,
0.280159,
0.279223,
0.279083,
0.279906,
0.279924,
0.278903,
0.279062,
0.28032,
0.280484,
0.279541,
0.27885,
0.279232,
0.280085,
0.27975,
0.278753,
0.278905,
0.280283,
0.280595,
0.279652,
0.278875,
0.279106,
0.280206,
0.280146,
0.279188,
0.279053,
0.279955,
0.27997,
0.278915,
0.279043,
0.280287,
0.280399,
0.279406,
0.278853,
0.27941,
0.279843,
0.279147,
0.27897,
0.279927,
0.279999,
0.278889,
0.279022,
0.280316,
0.28046,
0.279459,
0.278809,
0.279291,
0.279961,
0.279431,
0.278614,
0.279096,
0.280228,
0.280202,
0.279203,
0.279028,
0.279921,
0.279935,
0.278801,
0.278943,
0.280352,
0.280594,
0.279588,
0.278774,
0.279048,
0.280259,
0.280262,
0.279237,
0.278966,
0.279805,
0.279845,
0.278665,
0.278787,
0.280244,
0.280488,
0.279415,
0.278789,
0.279309,
0.279904,
0.279275,
0.278703,
0.279439,
0.279808,
0.278965,
0.27899,
0.280251,
0.280351,
0.27925,
0.278916,
0.279705,
0.279778,
0.278553,
0.278618,
0.280023,
0.28016,
0.278983,
0.279028,
0.280228,
0.280237,
0.279097,
0.278985,
0.280013,
0.279988,
0.278731,
0.278835,
0.280321,
0.280534,
0.279418,
0.278724,
0.279228,
0.279978,
0.279409,
