FINAL REPORT
************
Train error (Mean +- SD): 0.196851 +- 1.13003e-05
Test error (Mean +- SD): 0.20519 +- 5.16044e-06
Train CCR (Mean +- SD): 0.722222 +- 0
Test CCR (Mean +- SD): 0.706897 +- 0
CONVERGENCE DATA
****************


Iterations: 
1,
2,
3,
4,
5,
6,
7,
8,
9,
10,
11,
12,
13,
14,
15,
16,
17,
18,
19,
20,
21,
22,
23,
24,
25,
26,
27,
28,
29,
30,
31,
32,
33,
34,
35,
36,
37,
38,
39,
40,
41,
42,
43,
44,
45,
46,
47,
48,
49,
50,
51,
52,
53,
54,
55,
56,
57,
58,
59,
60,
61,
62,
63,
64,
65,
66,
67,
68,
69,
70,
71,
72,
73,
74,
75,
76,
77,
78,
79,
80,
81,
82,
83,
84,
85,
86,
87,
88,
89,
90,
91,
92,
93,
94,
95,
96,
97,
98,
99,
100,
101,
102,
103,
104,
105,
106,
107,
108,
109,
110,
111,
112,
113,
114,
115,
116,
117,
118,
119,
120,
121,
122,
123,
124,
125,
126,
127,
128,
129,
130,
131,
132,
133,
134,
135,
136,
137,
138,
139,
140,
141,
142,
143,
144,
145,
146,
147,
148,
149,
150,
151,
152,
153,
154,
155,
156,
157,
158,
159,
160,
161,
162,
163,
164,
165,
166,
167,
168,
169,
170,
171,
172,
173,
174,
175,
176,
177,
178,
179,
180,
181,
182,
183,
184,
185,
186,
187,
188,
189,
190,
191,
192,
193,
194,
195,
196,
197,
198,
199,
200,
201,
202,
203,
204,
205,
206,
207,
208,
209,
210,
211,
212,
213,
214,
215,
216,
217,
218,
219,
220,
221,
222,
223,
224,
225,
226,
227,
228,
229,
230,
231,
232,
233,
234,
235,
236,
237,
238,
239,
240,
241,
242,
243,
244,
245,
246,
247,
248,
249,
250,
251,
252,
253,
254,
255,
256,
257,
258,
259,
260,
261,
262,
263,
264,
265,
266,
267,
268,
269,
270,
271,
272,
273,
274,
275,
276,
277,
278,
279,
280,
281,
282,
283,
284,
285,
286,
287,
288,
289,
290,
291,
292,
293,
294,
295,
296,
297,
298,
299,
300,
301,
302,
303,
304,
305,
306,
307,
308,
309,
310,
311,
312,
313,
314,
315,
316,
317,
318,
319,
320,
321,
322,
323,
324,
325,
326,
327,
328,
329,
330,
331,
332,
333,
334,
335,
336,
337,
338,
339,
340,
341,
342,
343,
344,
345,
346,
347,
348,
349,
350,
351,
352,
353,
354,
355,
356,
357,
358,
359,
360,
361,
362,
363,
364,
365,
366,
367,
368,
369,
370,
371,
372,
373,
374,
375,
376,
377,
378,
379,
380,
381,
382,
383,
384,
385,
386,
387,
388,
389,
390,
391,
392,
393,
394,
395,
396,
397,
398,
399,
400,
401,
402,
403,
404,
405,
406,
407,
408,
409,
410,
411,
412,
413,
414,
415,
416,
417,
418,
419,
420,
421,
422,
423,
424,
425,
426,
427,
428,
429,
430,
431,
432,
433,
434,
435,
436,
437,
438,
439,
440,
441,
442,
443,
444,
445,
446,
447,
448,
449,
450,
451,
452,
453,
454,
455,
456,
457,
458,
459,
460,
461,
462,
463,
464,
465,
466,
467,
468,
469,
470,
471,
472,
473,
474,
475,
476,
477,
478,
479,
480,
481,
482,
483,
484,
485,
486,
487,
488,
489,
490,
491,
492,
493,
494,
495,
496,
497,
498,
499,
500,


Train errors: 
0.200891,
0.200784,
0.200762,
0.200755,
0.200755,
0.200758,
0.200763,
0.200769,
0.200775,
0.200781,
0.200786,
0.200792,
0.200797,
0.200802,
0.200806,
0.200809,
0.200812,
0.200815,
0.200817,
0.200819,
0.20082,
0.20082,
0.200821,
0.200821,
0.200821,
0.200821,
0.20082,
0.200819,
0.200818,
0.200817,
0.200816,
0.200815,
0.200814,
0.200813,
0.200812,
0.20081,
0.200809,
0.200807,
0.200806,
0.200804,
0.200803,
0.200802,
0.2008,
0.200799,
0.200797,
0.200796,
0.200794,
0.200793,
0.200791,
0.20079,
0.200788,
0.200787,
0.200785,
0.200784,
0.200782,
0.200781,
0.20078,
0.207951,
0.206425,
0.205568,
0.204895,
0.204244,
0.203551,
0.202806,
0.202092,
0.201566,
0.201295,
0.201167,
0.201042,
0.200889,
0.200786,
0.200851,
0.201162,
0.201651,
0.201835,
0.200703,
0.199124,
0.19849,
0.198256,
0.198131,
0.198042,
0.19797,
0.197907,
0.197849,
0.197796,
0.197746,
0.197699,
0.197655,
0.197613,
0.197573,
0.197535,
0.197498,
0.197464,
0.197431,
0.197399,
0.197369,
0.197341,
0.197313,
0.197287,
0.197262,
0.197238,
0.197214,
0.197192,
0.197171,
0.197151,
0.197131,
0.197112,
0.197094,
0.197077,
0.197061,
0.197045,
0.197029,
0.197015,
0.197001,
0.196987,
0.196974,
0.196962,
0.19695,
0.196938,
0.196927,
0.196917,
0.196907,
0.196897,
0.196888,
0.196879,
0.19687,
0.196862,
0.196854,
0.196846,
0.196839,
0.196832,
0.196825,
0.196819,
0.196813,
0.196807,
0.196801,
0.196795,
0.19679,
0.196785,
0.19678,
0.196776,
0.196771,
0.196767,
0.196763,
0.196759,
0.196755,
0.196751,
0.196748,
0.196745,
0.196741,
0.196738,
0.196735,
0.196732,
0.19673,
0.196727,
0.196725,
0.196722,
0.19672,
0.196718,
0.196715,
0.196713,
0.196711,
0.196709,
0.196708,
0.196706,
0.196704,
0.196703,
0.196701,
0.196699,
0.196698,
0.196697,
0.196695,
0.196694,
0.196693,
0.196691,
0.19669,
0.196689,
0.196688,
0.196687,
0.196686,
0.196685,
0.196684,
0.196683,
0.196682,
0.196681,
0.196681,
0.19668,
0.196679,
0.196678,
0.196677,
0.196677,
0.196676,
0.196675,
0.196675,
0.196674,
0.196673,
0.196673,
0.196672,
0.196671,
0.196671,
0.19667,
0.19667,
0.196669,
0.196669,
0.196668,
0.196667,
0.196667,
0.196666,
0.196666,
0.196665,
0.196665,
0.196664,
0.196664,
0.196664,
0.196663,
0.196663,
0.196662,
0.196662,
0.196661,
0.196661,
0.19666,
0.19666,
0.196659,
0.196659,
0.196659,
0.196658,
0.196658,
0.196657,
0.196657,
0.196656,
0.196656,
0.196656,
0.196655,
0.196655,
0.196654,
0.196654,
0.196654,
0.196653,
0.196653,
0.196652,
0.196652,
0.196652,
0.196651,
0.196651,
0.19665,
0.19665,
0.19665,
0.196649,
0.196649,
0.196648,
0.196648,
0.196648,
0.196647,
0.196647,
0.196647,
0.196646,
0.196646,
0.196645,
0.196645,
0.196645,
0.196644,
0.196644,
0.196644,
0.196643,
0.196643,
0.196643,
0.196642,
0.196642,
0.196642,
0.196641,
0.196641,
0.196641,
0.19664,
0.19664,
0.19664,
0.196639,
0.196639,
0.196639,
0.196639,
0.196638,
0.196638,
0.196638,
0.196637,
0.196637,
0.196637,
0.196637,
0.196636,
0.196636,
0.196636,
0.196635,
0.196635,
0.196635,
0.196635,
0.196634,
0.196634,
0.196634,
0.196634,
0.196634,
0.196633,
0.196633,
0.196633,
0.196633,
0.196632,
0.196632,
0.196632,
0.196632,
0.196632,
0.196631,
0.196631,
0.196631,
0.196631,
0.196631,
0.19663,
0.19663,
0.19663,
0.19663,
0.19663,
0.19663,
0.196629,
0.196629,
0.196629,
0.196629,
0.196629,
0.196629,
0.196628,
0.196628,
0.196628,
0.196628,
0.196628,
0.196628,
0.196628,
0.196627,
0.196627,
0.196627,
0.196627,
0.196627,
0.196627,
0.196627,
0.196627,
0.196626,
0.196626,
0.196626,
0.196626,
0.196626,
0.196626,
0.196626,
0.196626,
0.196626,
0.196625,
0.196625,
0.196625,
0.196625,
0.196625,
0.196625,
0.196625,
0.196625,
0.196625,
0.196625,
0.196625,
0.196625,
0.196624,
0.196624,
0.196624,
0.196624,
0.196624,
0.196624,
0.196624,
0.196624,
0.196624,
0.196624,
0.196624,
0.196624,
0.196624,
0.196624,
0.196623,
0.196623,
0.196623,
0.196623,
0.196623,
0.196623,
0.196623,
0.196623,
0.196623,
0.196623,
0.196623,
0.196623,
0.196623,
0.196623,
0.196623,
0.196623,
0.196623,
0.196623,
0.196623,
0.196623,
0.196623,
0.196622,
0.196622,
0.196622,
0.196622,
0.196622,
0.196622,
0.196622,
0.196622,
0.196622,
0.196622,
0.196622,
0.196622,
0.196622,
0.196622,
0.196622,
0.196622,
0.196622,
0.196622,
0.196622,
0.196622,
0.196622,
0.196622,
0.196622,
0.196622,
0.196622,
0.196622,
0.196622,
0.196622,
0.196622,
0.196622,
0.196622,
0.196622,
0.196622,
0.196622,
0.196622,
0.196622,
0.196621,
0.196621,
0.196621,
0.196621,
0.196621,
0.196621,
0.196621,
0.196621,
0.196621,
0.196621,
0.196621,
0.196621,
0.196621,
0.196621,
0.196621,
0.196621,
0.196621,
0.196621,
0.196621,
0.196621,
0.196621,
0.196621,
0.196621,
0.196621,
0.196621,
0.196621,
0.196621,
0.196621,
0.196621,
0.196621,
0.196621,
0.196621,
0.196621,
0.196621,
0.196621,
0.196621,
0.196621,
0.196621,
0.196621,
0.196621,
0.196621,
0.196621,
0.196621,
0.196621,
0.196621,
0.196621,
0.196621,
0.196621,
0.196621,
0.196621,
0.196621,
0.196621,
0.196621,
0.196621,
0.196621,
0.196621,
0.196621,
0.196621,
0.196621,
0.196621,
0.196621,
0.196621,
0.196621,
0.196621,
0.196621,
0.196621,
0.196621,
0.196621,
0.196621,


Test errors: 
0.209427,
0.208856,
0.208548,
0.208326,
0.208154,
0.208012,
0.207888,
0.207779,
0.20768,
0.20759,
0.207508,
0.207433,
0.207365,
0.207303,
0.207247,
0.207197,
0.207152,
0.207111,
0.207075,
0.207042,
0.207013,
0.206988,
0.206965,
0.206944,
0.206926,
0.206909,
0.206895,
0.206881,
0.206869,
0.206859,
0.206849,
0.20684,
0.206833,
0.206826,
0.206819,
0.206814,
0.206808,
0.206804,
0.206799,
0.206796,
0.206792,
0.206789,
0.206786,
0.206784,
0.206782,
0.20678,
0.206778,
0.206777,
0.206775,
0.206774,
0.206773,
0.206772,
0.206772,
0.206771,
0.206771,
0.206771,
0.208308,
0.21956,
0.217708,
0.216668,
0.215841,
0.215021,
0.214127,
0.213149,
0.2122,
0.211528,
0.211278,
0.211337,
0.211512,
0.211721,
0.212008,
0.212452,
0.21305,
0.213583,
0.213355,
0.211315,
0.20889,
0.20789,
0.207508,
0.207302,
0.207159,
0.207044,
0.206945,
0.206855,
0.206771,
0.206694,
0.20662,
0.206551,
0.206484,
0.206421,
0.206361,
0.206302,
0.206247,
0.206193,
0.206141,
0.206092,
0.206044,
0.205997,
0.205953,
0.20591,
0.205868,
0.205828,
0.205789,
0.205751,
0.205715,
0.205679,
0.205645,
0.205612,
0.20558,
0.205549,
0.205519,
0.20549,
0.205462,
0.205435,
0.205408,
0.205383,
0.205358,
0.205334,
0.205311,
0.205288,
0.205266,
0.205245,
0.205224,
0.205205,
0.205185,
0.205167,
0.205148,
0.205131,
0.205114,
0.205097,
0.205082,
0.205066,
0.205051,
0.205037,
0.205023,
0.205009,
0.204996,
0.204983,
0.204971,
0.204959,
0.204947,
0.204936,
0.204925,
0.204915,
0.204905,
0.204895,
0.204885,
0.204876,
0.204867,
0.204859,
0.20485,
0.204842,
0.204835,
0.204827,
0.20482,
0.204813,
0.204806,
0.204799,
0.204793,
0.204787,
0.204781,
0.204775,
0.204769,
0.204764,
0.204759,
0.204754,
0.204749,
0.204744,
0.20474,
0.204735,
0.204731,
0.204727,
0.204723,
0.204719,
0.204715,
0.204711,
0.204708,
0.204704,
0.204701,
0.204698,
0.204694,
0.204691,
0.204688,
0.204686,
0.204683,
0.20468,
0.204677,
0.204675,
0.204672,
0.20467,
0.204667,
0.204665,
0.204662,
0.20466,
0.204658,
0.204656,
0.204654,
0.204652,
0.204649,
0.204647,
0.204645,
0.204644,
0.204642,
0.20464,
0.204638,
0.204636,
0.204634,
0.204632,
0.20463,
0.204629,
0.204627,
0.204625,
0.204623,
0.204622,
0.20462,
0.204618,
0.204616,
0.204615,
0.204613,
0.204611,
0.20461,
0.204608,
0.204606,
0.204605,
0.204603,
0.204601,
0.2046,
0.204598,
0.204596,
0.204595,
0.204593,
0.204591,
0.20459,
0.204588,
0.204586,
0.204585,
0.204583,
0.204581,
0.20458,
0.204578,
0.204576,
0.204575,
0.204573,
0.204571,
0.20457,
0.204568,
0.204566,
0.204565,
0.204563,
0.204561,
0.20456,
0.204558,
0.204556,
0.204555,
0.204553,
0.204551,
0.20455,
0.204548,
0.204546,
0.204545,
0.204543,
0.204541,
0.20454,
0.204538,
0.204536,
0.204535,
0.204533,
0.204531,
0.20453,
0.204528,
0.204527,
0.204525,
0.204523,
0.204522,
0.20452,
0.204519,
0.204517,
0.204515,
0.204514,
0.204512,
0.204511,
0.204509,
0.204507,
0.204506,
0.204504,
0.204503,
0.204501,
0.2045,
0.204498,
0.204497,
0.204495,
0.204494,
0.204492,
0.204491,
0.204489,
0.204488,
0.204487,
0.204485,
0.204484,
0.204482,
0.204481,
0.20448,
0.204478,
0.204477,
0.204475,
0.204474,
0.204473,
0.204471,
0.20447,
0.204469,
0.204467,
0.204466,
0.204465,
0.204464,
0.204462,
0.204461,
0.20446,
0.204459,
0.204457,
0.204456,
0.204455,
0.204454,
0.204453,
0.204452,
0.20445,
0.204449,
0.204448,
0.204447,
0.204446,
0.204445,
0.204444,
0.204443,
0.204442,
0.204441,
0.20444,
0.204438,
0.204437,
0.204436,
0.204435,
0.204434,
0.204433,
0.204432,
0.204432,
0.204431,
0.20443,
0.204429,
0.204428,
0.204427,
0.204426,
0.204425,
0.204424,
0.204423,
0.204422,
0.204422,
0.204421,
0.20442,
0.204419,
0.204418,
0.204417,
0.204417,
0.204416,
0.204415,
0.204414,
0.204413,
0.204413,
0.204412,
0.204411,
0.20441,
0.20441,
0.204409,
0.204408,
0.204408,
0.204407,
0.204406,
0.204406,
0.204405,
0.204404,
0.204404,
0.204403,
0.204402,
0.204402,
0.204401,
0.2044,
0.2044,
0.204399,
0.204399,
0.204398,
0.204397,
0.204397,
0.204396,
0.204396,
0.204395,
0.204395,
0.204394,
0.204393,
0.204393,
0.204392,
0.204392,
0.204391,
0.204391,
0.20439,
0.20439,
0.204389,
0.204389,
0.204388,
0.204388,
0.204387,
0.204387,
0.204386,
0.204386,
0.204386,
0.204385,
0.204385,
0.204384,
0.204384,
0.204383,
0.204383,
0.204383,
0.204382,
0.204382,
0.204381,
0.204381,
0.20438,
0.20438,
0.20438,
0.204379,
0.204379,
0.204379,
0.204378,
0.204378,
0.204378,
0.204377,
0.204377,
0.204376,
0.204376,
0.204376,
0.204375,
0.204375,
0.204375,
0.204374,
0.204374,
0.204374,
0.204374,
0.204373,
0.204373,
0.204373,
0.204372,
0.204372,
0.204372,
0.204371,
0.204371,
0.204371,
0.204371,
0.20437,
0.20437,
0.20437,
0.204369,
0.204369,
0.204369,
0.204369,
0.204368,
0.204368,
0.204368,
0.204368,
0.204367,
0.204367,
0.204367,
0.204367,
0.204367,
0.204366,
0.204366,
0.204366,
0.204366,
0.204365,
0.204365,
0.204365,
0.204365,
0.204365,
0.204364,
0.204364,
0.204364,
0.204364,
0.204364,
0.204363,
0.204363,
0.204363,
0.204363,
0.204363,
0.204362,
0.204362,
0.204362,
0.204362,
0.204362,
0.204361,
0.204361,
0.204361,
0.204361,
0.204361,
0.204361,
0.20436,
