FINAL REPORT
************
Train error (Mean +- SD): 0.107633 +- 0.000290719
Test error (Mean +- SD): 0.164638 +- 0.000131334
Train CCR (Mean +- SD): 0.94 +- 0.000775772
Test CCR (Mean +- SD): 0.918667 +- 0.000269333
CONVERGENCE DATA
****************


Iterations: 
1,
2,
3,
4,
5,
6,
7,
8,
9,
10,
11,
12,
13,
14,
15,
16,
17,
18,
19,
20,
21,
22,
23,
24,
25,
26,
27,
28,
29,
30,
31,
32,
33,
34,
35,
36,
37,
38,
39,
40,
41,
42,
43,
44,
45,
46,
47,
48,
49,
50,
51,
52,
53,
54,
55,
56,
57,
58,
59,
60,
61,
62,
63,
64,
65,
66,
67,
68,
69,
70,
71,
72,
73,
74,
75,
76,
77,
78,
79,
80,
81,
82,
83,
84,
85,
86,
87,
88,
89,
90,
91,
92,
93,
94,
95,
96,
97,
98,
99,
100,
101,
102,
103,
104,
105,
106,
107,
108,
109,
110,
111,
112,
113,
114,
115,
116,
117,
118,
119,
120,
121,
122,
123,
124,
125,
126,
127,
128,
129,
130,
131,
132,
133,
134,
135,
136,
137,
138,
139,
140,
141,
142,
143,
144,
145,
146,
147,
148,
149,
150,
151,
152,
153,
154,
155,
156,
157,
158,
159,
160,
161,
162,
163,
164,
165,
166,
167,
168,
169,
170,
171,
172,
173,
174,
175,
176,
177,
178,
179,
180,
181,
182,
183,
184,
185,
186,
187,
188,
189,
190,
191,
192,
193,
194,
195,
196,
197,
198,
199,
200,
201,
202,
203,
204,
205,
206,
207,
208,
209,
210,
211,
212,
213,
214,
215,
216,
217,
218,
219,
220,
221,
222,
223,
224,
225,
226,
227,
228,
229,
230,
231,
232,
233,
234,
235,
236,
237,
238,
239,
240,
241,
242,
243,
244,
245,
246,
247,
248,
249,
250,
251,
252,
253,
254,
255,
256,
257,
258,
259,
260,
261,
262,
263,
264,
265,
266,
267,
268,
269,
270,
271,
272,
273,
274,
275,
276,
277,
278,
279,
280,
281,
282,
283,
284,
285,
286,
287,
288,
289,
290,
291,
292,
293,
294,
295,
296,
297,
298,
299,
300,
301,
302,
303,
304,
305,
306,
307,
308,
309,
310,
311,
312,
313,
314,
315,
316,
317,
318,
319,
320,
321,
322,
323,
324,
325,
326,
327,
328,
329,
330,
331,
332,
333,
334,
335,
336,
337,
338,
339,
340,
341,
342,
343,
344,
345,
346,
347,
348,
349,
350,
351,
352,
353,
354,
355,
356,
357,
358,
359,
360,
361,
362,
363,
364,
365,
366,
367,
368,
369,
370,
371,
372,
373,
374,
375,
376,
377,
378,
379,
380,
381,
382,
383,
384,
385,
386,
387,
388,
389,
390,
391,
392,
393,
394,
395,
396,
397,
398,
399,
400,
401,
402,
403,
404,
405,
406,
407,
408,
409,
410,
411,
412,
413,
414,
415,
416,
417,
418,
419,
420,
421,
422,
423,
424,
425,
426,
427,
428,
429,
430,
431,
432,
433,
434,
435,
436,
437,
438,
439,
440,
441,
442,
443,
444,
445,
446,
447,
448,
449,
450,
451,
452,
453,
454,
455,
456,
457,
458,
459,
460,
461,
462,
463,
464,
465,
466,
467,
468,
469,
470,
471,
472,
473,
474,
475,
476,
477,
478,
479,
480,
481,
482,
483,
484,
485,
486,
487,
488,
489,
490,
491,
492,
493,
494,
495,
496,
497,
498,
499,
500,


Train errors: 
0.338135,
0.315259,
0.305107,
0.300951,
0.299073,
0.297834,
0.296791,
0.295863,
0.295012,
0.294207,
0.293432,
0.292677,
0.291938,
0.291213,
0.290504,
0.289812,
0.289139,
0.288482,
0.287828,
0.287157,
0.286446,
0.285691,
0.284891,
0.284049,
0.283167,
0.28226,
0.281352,
0.280458,
0.279579,
0.278708,
0.277835,
0.276957,
0.276071,
0.275176,
0.274265,
0.273336,
0.272395,
0.27145,
0.270512,
0.269587,
0.268682,
0.267799,
0.266943,
0.26612,
0.265331,
0.264575,
0.263841,
0.263114,
0.262375,
0.261611,
0.26082,
0.260006,
0.259174,
0.258324,
0.257448,
0.25653,
0.255555,
0.254505,
0.253354,
0.252093,
0.250759,
0.249394,
0.248025,
0.246639,
0.245231,
0.243806,
0.242365,
0.240905,
0.23943,
0.237953,
0.236493,
0.235062,
0.233665,
0.232311,
0.230996,
0.229697,
0.228396,
0.227101,
0.22583,
0.224595,
0.223404,
0.222271,
0.221217,
0.220222,
0.219238,
0.218266,
0.217302,
0.216327,
0.21535,
0.214354,
0.213335,
0.212348,
0.211381,
0.210392,
0.209376,
0.208357,
0.2073,
0.206206,
0.205082,
0.203958,
0.202851,
0.201757,
0.200687,
0.199639,
0.198602,
0.197568,
0.196492,
0.195371,
0.194255,
0.19318,
0.192153,
0.191175,
0.190244,
0.189343,
0.188472,
0.187644,
0.186857,
0.186099,
0.185365,
0.184654,
0.183971,
0.183319,
0.182704,
0.182128,
0.181583,
0.181062,
0.180562,
0.180088,
0.179647,
0.179241,
0.178858,
0.178484,
0.178116,
0.177764,
0.177426,
0.177089,
0.176745,
0.176394,
0.176046,
0.175709,
0.175379,
0.175047,
0.174705,
0.174353,
0.174,
0.173651,
0.173307,
0.172964,
0.172611,
0.172231,
0.171817,
0.171374,
0.170918,
0.17046,
0.170006,
0.169556,
0.169116,
0.168695,
0.168297,
0.167919,
0.167556,
0.167199,
0.166837,
0.166465,
0.166087,
0.165699,
0.165292,
0.164862,
0.164416,
0.163967,
0.163527,
0.163092,
0.16265,
0.162208,
0.161771,
0.161332,
0.160885,
0.160425,
0.159954,
0.159469,
0.158962,
0.158431,
0.157889,
0.157365,
0.156895,
0.156489,
0.156096,
0.155664,
0.155213,
0.154773,
0.154357,
0.153954,
0.153551,
0.153135,
0.152694,
0.152235,
0.151773,
0.151322,
0.150884,
0.150459,
0.150045,
0.149636,
0.149225,
0.148809,
0.148385,
0.147957,
0.147535,
0.147129,
0.146743,
0.146373,
0.146018,
0.145675,
0.145341,
0.145009,
0.144675,
0.144332,
0.143984,
0.143634,
0.143287,
0.142945,
0.14261,
0.142281,
0.141957,
0.141639,
0.141328,
0.141028,
0.14074,
0.140461,
0.14019,
0.139924,
0.139662,
0.139403,
0.139147,
0.138894,
0.138642,
0.138392,
0.138142,
0.137891,
0.137642,
0.137398,
0.137165,
0.136952,
0.136762,
0.136592,
0.136432,
0.136264,
0.136075,
0.135858,
0.135617,
0.135362,
0.135098,
0.134829,
0.134556,
0.134279,
0.133999,
0.133717,
0.133432,
0.133147,
0.132862,
0.132577,
0.132294,
0.132016,
0.131742,
0.131471,
0.131199,
0.130927,
0.130653,
0.130376,
0.130094,
0.129804,
0.129502,
0.129184,
0.128847,
0.128491,
0.128132,
0.12779,
0.127465,
0.127148,
0.126833,
0.126525,
0.126228,
0.125944,
0.125677,
0.125433,
0.125217,
0.125034,
0.124878,
0.124741,
0.124614,
0.124493,
0.124373,
0.124254,
0.124136,
0.12402,
0.123909,
0.123802,
0.123702,
0.123609,
0.123521,
0.123439,
0.123361,
0.123285,
0.123209,
0.123133,
0.123056,
0.122978,
0.122897,
0.122813,
0.122727,
0.122639,
0.122548,
0.122453,
0.122356,
0.122276,
0.12221,
0.122144,
0.122072,
0.122005,
0.121954,
0.121908,
0.121865,
0.121822,
0.121777,
0.12173,
0.12168,
0.12162,
0.121538,
0.121424,
0.121266,
0.121065,
0.12084,
0.120612,
0.120392,
0.120173,
0.119953,
0.119737,
0.11953,
0.119336,
0.119153,
0.118977,
0.118806,
0.118636,
0.118469,
0.118301,
0.118134,
0.117964,
0.117793,
0.11762,
0.117448,
0.117279,
0.117118,
0.116969,
0.116836,
0.116719,
0.116612,
0.116512,
0.116418,
0.116329,
0.11625,
0.116188,
0.116132,
0.11606,
0.115969,
0.115879,
0.1158,
0.115734,
0.115676,
0.11562,
0.11556,
0.115493,
0.115415,
0.115327,
0.115231,
0.115127,
0.115021,
0.114914,
0.114807,
0.114702,
0.114596,
0.114491,
0.114384,
0.114277,
0.114168,
0.114052,
0.113928,
0.113803,
0.113657,
0.113464,
0.113245,
0.113028,
0.112827,
0.112641,
0.112461,
0.112287,
0.112123,
0.111974,
0.111836,
0.111707,
0.111582,
0.111459,
0.111336,
0.111211,
0.111084,
0.110954,
0.110821,
0.110686,
0.110549,
0.110409,
0.110268,
0.11013,
0.109996,
0.10987,
0.109749,
0.109633,
0.10952,
0.109411,
0.109312,
0.109224,
0.109144,
0.109077,
0.109024,
0.108976,
0.108916,
0.108847,
0.108776,
0.108708,
0.108642,
0.108577,
0.108509,
0.108438,
0.108366,
0.108302,
0.108248,
0.108194,
0.108137,
0.108076,
0.108013,
0.107948,
0.107882,
0.107817,
0.107753,
0.107687,
0.107616,
0.107538,
0.107453,
0.107363,
0.107267,
0.107164,
0.107057,
0.106946,
0.106829,
0.106704,
0.106568,
0.106423,
0.106277,
0.106143,
0.106032,
0.105942,
0.105856,
0.105768,
0.105684,
0.105612,
0.105557,
0.105516,
0.105483,
0.105454,
0.105428,
0.105407,
0.105389,
0.105375,
0.105361,
0.105339,
0.105302,
0.105244,
0.105164,
0.105066,
0.104954,
0.104834,
0.104707,
0.104577,
0.10445,
0.10433,
0.104215,
0.104105,
0.103998,
0.103892,
0.103788,
0.103683,
0.103576,
0.103467,
0.103351,
0.103227,
0.103095,
0.102968,
0.102858,
0.102761,
0.102673,
0.102591,
0.102514,
0.102443,


Test errors: 
0.333406,
0.315502,
0.307186,
0.302831,
0.300658,
0.299542,
0.29882,
0.298179,
0.297498,
0.296769,
0.296019,
0.295269,
0.294525,
0.293781,
0.293038,
0.292298,
0.291565,
0.290847,
0.290145,
0.289451,
0.288752,
0.288049,
0.28735,
0.286665,
0.285997,
0.285347,
0.284708,
0.284072,
0.283432,
0.28278,
0.282106,
0.281402,
0.28067,
0.27992,
0.279166,
0.278413,
0.277653,
0.276866,
0.276031,
0.27514,
0.274205,
0.273242,
0.27226,
0.271265,
0.270253,
0.26922,
0.268164,
0.267083,
0.265982,
0.264869,
0.263747,
0.262608,
0.261444,
0.260254,
0.259044,
0.257827,
0.25661,
0.255413,
0.254234,
0.253042,
0.251811,
0.250534,
0.249183,
0.247806,
0.246435,
0.245049,
0.243656,
0.242285,
0.240954,
0.239675,
0.238457,
0.237286,
0.236131,
0.234967,
0.233789,
0.232608,
0.231431,
0.230253,
0.229069,
0.227877,
0.226675,
0.225468,
0.22427,
0.223112,
0.221987,
0.220833,
0.219723,
0.218729,
0.217806,
0.216873,
0.215898,
0.214943,
0.214123,
0.21336,
0.212445,
0.211413,
0.210353,
0.209276,
0.208155,
0.206968,
0.205705,
0.204324,
0.202829,
0.201306,
0.199846,
0.198494,
0.197241,
0.196027,
0.194812,
0.193587,
0.192359,
0.191145,
0.189953,
0.188809,
0.18774,
0.18674,
0.185792,
0.184886,
0.184012,
0.183165,
0.182338,
0.181522,
0.180715,
0.179935,
0.179211,
0.178567,
0.178004,
0.177511,
0.177074,
0.176674,
0.17629,
0.175911,
0.175542,
0.1752,
0.174899,
0.174642,
0.174433,
0.174278,
0.174172,
0.174098,
0.174043,
0.174009,
0.174001,
0.174027,
0.174093,
0.1742,
0.174345,
0.174518,
0.174702,
0.174881,
0.175042,
0.175177,
0.175279,
0.175346,
0.175381,
0.175392,
0.175386,
0.175364,
0.175327,
0.17528,
0.175234,
0.175197,
0.175182,
0.175201,
0.175258,
0.175346,
0.175449,
0.175553,
0.175644,
0.175714,
0.175753,
0.175742,
0.175666,
0.17554,
0.175388,
0.175213,
0.175009,
0.174763,
0.174471,
0.174139,
0.173789,
0.173455,
0.173166,
0.172922,
0.17269,
0.172462,
0.17235,
0.172456,
0.172619,
0.172716,
0.17274,
0.172711,
0.172636,
0.172533,
0.172398,
0.172224,
0.172013,
0.171773,
0.171513,
0.171232,
0.170932,
0.170615,
0.170283,
0.169941,
0.169591,
0.169238,
0.168883,
0.168528,
0.168171,
0.167813,
0.167455,
0.167102,
0.166755,
0.166411,
0.166066,
0.165716,
0.16536,
0.165001,
0.164641,
0.164281,
0.163919,
0.163552,
0.163179,
0.1628,
0.162431,
0.1621,
0.161832,
0.161622,
0.161443,
0.161269,
0.16109,
0.160904,
0.16071,
0.16051,
0.160306,
0.160108,
0.159921,
0.159751,
0.159599,
0.159461,
0.159328,
0.159185,
0.159016,
0.15881,
0.158576,
0.158332,
0.15809,
0.157856,
0.157626,
0.157399,
0.157178,
0.156965,
0.156759,
0.156557,
0.156357,
0.156158,
0.155962,
0.155769,
0.155581,
0.155398,
0.155217,
0.155028,
0.154818,
0.154577,
0.154309,
0.154029,
0.153753,
0.153487,
0.153231,
0.152978,
0.152719,
0.152446,
0.152148,
0.151827,
0.151509,
0.151245,
0.151057,
0.15093,
0.150836,
0.150755,
0.150683,
0.150623,
0.150578,
0.150544,
0.150516,
0.15049,
0.15047,
0.150456,
0.150444,
0.150428,
0.150404,
0.150369,
0.150326,
0.150276,
0.150222,
0.150166,
0.150108,
0.150048,
0.149987,
0.149924,
0.149859,
0.149793,
0.149729,
0.149672,
0.149632,
0.14962,
0.149646,
0.149715,
0.149818,
0.149945,
0.150086,
0.150237,
0.150388,
0.150505,
0.150555,
0.150557,
0.150577,
0.150636,
0.150697,
0.150738,
0.150775,
0.150835,
0.150919,
0.151017,
0.151123,
0.151233,
0.151341,
0.151432,
0.151498,
0.151531,
0.151536,
0.151523,
0.151504,
0.151491,
0.151498,
0.151528,
0.151573,
0.151622,
0.151669,
0.151713,
0.151758,
0.151807,
0.151863,
0.151925,
0.151992,
0.152073,
0.152179,
0.152314,
0.152473,
0.152642,
0.152801,
0.152927,
0.153016,
0.153109,
0.153256,
0.153459,
0.153707,
0.15401,
0.154392,
0.154852,
0.1553,
0.155656,
0.155932,
0.156159,
0.156358,
0.156548,
0.156734,
0.156913,
0.157079,
0.157231,
0.157367,
0.157489,
0.157597,
0.157694,
0.157783,
0.157864,
0.15794,
0.15801,
0.158074,
0.158133,
0.158184,
0.15822,
0.158228,
0.158176,
0.158003,
0.157693,
0.157441,
0.157381,
0.157404,
0.15742,
0.157442,
0.157496,
0.157567,
0.157627,
0.157666,
0.15769,
0.157713,
0.157741,
0.157775,
0.157815,
0.157861,
0.157912,
0.157965,
0.158015,
0.15806,
0.158095,
0.15812,
0.158134,
0.158139,
0.15814,
0.15814,
0.158142,
0.158144,
0.158142,
0.158133,
0.158115,
0.158085,
0.158041,
0.157983,
0.157921,
0.157863,
0.157816,
0.157792,
0.157802,
0.157844,
0.157907,
0.157974,
0.158035,
0.158086,
0.158129,
0.158176,
0.158253,
0.158384,
0.158563,
0.158752,
0.158925,
0.159077,
0.159218,
0.159355,
0.159481,
0.15959,
0.159681,
0.159757,
0.159828,
0.159901,
0.159979,
0.160064,
0.160156,
0.160261,
0.160385,
0.16053,
0.160689,
0.160857,
0.161035,
0.161228,
0.161438,
0.161663,
0.161894,
0.162118,
0.162318,
0.162482,
0.162615,
0.162726,
0.162826,
0.162916,
0.163,
0.163076,
0.163148,
0.163218,
0.163283,
0.16334,
0.163381,
0.163399,
0.163392,
0.163365,
0.163328,
0.163294,
0.163275,
0.163269,
0.163252,
0.163206,
0.16314,
0.163087,
0.163084,
0.163137,
0.163221,
0.163306,
0.163383,
0.16346,
0.163537,
0.163607,
0.163669,
0.163732,
0.16381,
0.163908,
0.164028,
0.164169,
0.16433,
0.164504,
0.164679,
