FINAL REPORT
************
Train error (Mean +- SD): 0.0420982 +- 6.86394e-05
Test error (Mean +- SD): 0.187611 +- 0.000994029
Train CCR (Mean +- SD): 0.983889 +- 1.58951e-05
Test CCR (Mean +- SD): 0.944 +- 0.000152889
CONVERGENCE DATA
****************


Iterations: 
1,
2,
3,
4,
5,
6,
7,
8,
9,
10,
11,
12,
13,
14,
15,
16,
17,
18,
19,
20,
21,
22,
23,
24,
25,
26,
27,
28,
29,
30,
31,
32,
33,
34,
35,
36,
37,
38,
39,
40,
41,
42,
43,
44,
45,
46,
47,
48,
49,
50,
51,
52,
53,
54,
55,
56,
57,
58,
59,
60,
61,
62,
63,
64,
65,
66,
67,
68,
69,
70,
71,
72,
73,
74,
75,
76,
77,
78,
79,
80,
81,
82,
83,
84,
85,
86,
87,
88,
89,
90,
91,
92,
93,
94,
95,
96,
97,
98,
99,
100,
101,
102,
103,
104,
105,
106,
107,
108,
109,
110,
111,
112,
113,
114,
115,
116,
117,
118,
119,
120,
121,
122,
123,
124,
125,
126,
127,
128,
129,
130,
131,
132,
133,
134,
135,
136,
137,
138,
139,
140,
141,
142,
143,
144,
145,
146,
147,
148,
149,
150,
151,
152,
153,
154,
155,
156,
157,
158,
159,
160,
161,
162,
163,
164,
165,
166,
167,
168,
169,
170,
171,
172,
173,
174,
175,
176,
177,
178,
179,
180,
181,
182,
183,
184,
185,
186,
187,
188,
189,
190,
191,
192,
193,
194,
195,
196,
197,
198,
199,
200,
201,
202,
203,
204,
205,
206,
207,
208,
209,
210,
211,
212,
213,
214,
215,
216,
217,
218,
219,
220,
221,
222,
223,
224,
225,
226,
227,
228,
229,
230,
231,
232,
233,
234,
235,
236,
237,
238,
239,
240,
241,
242,
243,
244,
245,
246,
247,
248,
249,
250,
251,
252,
253,
254,
255,
256,
257,
258,
259,
260,
261,
262,
263,
264,
265,
266,
267,
268,
269,
270,
271,
272,
273,
274,
275,
276,
277,
278,
279,
280,
281,
282,
283,
284,
285,
286,
287,
288,
289,
290,
291,
292,
293,
294,
295,
296,
297,
298,
299,
300,
301,
302,
303,
304,
305,
306,
307,
308,
309,
310,
311,
312,
313,
314,
315,
316,
317,
318,
319,
320,
321,
322,
323,
324,
325,
326,
327,
328,
329,
330,
331,
332,
333,
334,
335,
336,
337,
338,
339,
340,
341,
342,
343,
344,
345,
346,
347,
348,
349,
350,
351,
352,
353,
354,
355,
356,
357,
358,
359,
360,
361,
362,
363,
364,
365,
366,
367,
368,
369,
370,
371,
372,
373,
374,
375,
376,
377,
378,
379,
380,
381,
382,
383,
384,
385,
386,
387,
388,
389,
390,
391,
392,
393,
394,
395,
396,
397,
398,
399,
400,
401,
402,
403,
404,
405,
406,
407,
408,
409,
410,
411,
412,
413,
414,
415,
416,
417,
418,
419,
420,
421,
422,
423,
424,
425,
426,
427,
428,
429,
430,
431,
432,
433,
434,
435,
436,
437,
438,
439,
440,
441,
442,
443,
444,
445,
446,
447,
448,
449,
450,
451,
452,
453,
454,
455,
456,
457,
458,
459,
460,
461,
462,
463,
464,
465,
466,
467,
468,
469,
470,
471,
472,
473,
474,
475,
476,
477,
478,
479,
480,
481,
482,
483,
484,
485,
486,
487,
488,
489,
490,
491,
492,
493,
494,
495,
496,
497,
498,
499,
500,


Train errors: 
0.363569,
0.348598,
0.334467,
0.319521,
0.312865,
0.30533,
0.300252,
0.294266,
0.288594,
0.282982,
0.277094,
0.271286,
0.265279,
0.259667,
0.254105,
0.247957,
0.241349,
0.235132,
0.229252,
0.223776,
0.218588,
0.213465,
0.20827,
0.202922,
0.198004,
0.193781,
0.190086,
0.186842,
0.183847,
0.180965,
0.178137,
0.175384,
0.172705,
0.170053,
0.167476,
0.165011,
0.162695,
0.160612,
0.158714,
0.156901,
0.155134,
0.153421,
0.151755,
0.150079,
0.148333,
0.146539,
0.144824,
0.14315,
0.141441,
0.139682,
0.137909,
0.136194,
0.134475,
0.132731,
0.131209,
0.129811,
0.128586,
0.127525,
0.126559,
0.125615,
0.124736,
0.123935,
0.123185,
0.122461,
0.121751,
0.121052,
0.120338,
0.119596,
0.118847,
0.118098,
0.117336,
0.116531,
0.115642,
0.114665,
0.113658,
0.112648,
0.111603,
0.110437,
0.109107,
0.10771,
0.106521,
0.105454,
0.104509,
0.103581,
0.102672,
0.101674,
0.10051,
0.0992657,
0.0982285,
0.0973622,
0.0965322,
0.0957373,
0.0948821,
0.0940007,
0.0931988,
0.092492,
0.0917838,
0.0910336,
0.0902557,
0.0895722,
0.0890116,
0.0885826,
0.0881778,
0.087802,
0.0874541,
0.0871187,
0.0867943,
0.0864595,
0.0861383,
0.0858258,
0.085514,
0.0852026,
0.0849175,
0.0846769,
0.084469,
0.0842799,
0.084095,
0.0839004,
0.0836822,
0.0834434,
0.0832113,
0.0829995,
0.0828032,
0.0826135,
0.0824243,
0.0822336,
0.0820409,
0.0818486,
0.08166,
0.0814805,
0.0813103,
0.0811435,
0.0809697,
0.080771,
0.080513,
0.0801259,
0.0795329,
0.0789104,
0.0785058,
0.0782272,
0.0780173,
0.0778461,
0.0776862,
0.0775308,
0.0773639,
0.0771808,
0.0769703,
0.0767289,
0.0764555,
0.0761513,
0.0758764,
0.0756805,
0.0755034,
0.0752824,
0.0749681,
0.0745818,
0.0742868,
0.0741175,
0.0740103,
0.0739297,
0.0738633,
0.0737981,
0.0737232,
0.0736167,
0.0734681,
0.0733233,
0.0732264,
0.0731626,
0.0731071,
0.0730585,
0.0729887,
0.0728919,
0.0727376,
0.0725193,
0.072236,
0.0719605,
0.0717479,
0.0716195,
0.0715424,
0.071501,
0.071468,
0.0714455,
0.0714098,
0.0713714,
0.0713115,
0.0712495,
0.0711782,
0.0711259,
0.0710789,
0.0710509,
0.0710198,
0.0709969,
0.0709625,
0.0709265,
0.0708683,
0.0707966,
0.0706855,
0.0705302,
0.0703115,
0.0700559,
0.0697775,
0.0695574,
0.0693118,
0.0690069,
0.0685472,
0.0679461,
0.0672916,
0.0668673,
0.0665534,
0.0663974,
0.0662123,
0.0661393,
0.0659958,
0.0659383,
0.0658006,
0.065734,
0.0656198,
0.0655444,
0.0654631,
0.0653809,
0.0653513,
0.0652631,
0.065271,
0.0651681,
0.0652036,
0.0650849,
0.0651363,
0.0650119,
0.0650761,
0.0649482,
0.0649966,
0.0648724,
0.0649161,
0.0647912,
0.0648048,
0.0646683,
0.0646552,
0.0644512,
0.0642816,
0.0638589,
0.0637251,
0.0633365,
0.0634273,
0.0630073,
0.0631595,
0.0627465,
0.0626843,
0.0623399,
0.0622566,
0.0620134,
0.0617128,
0.0615301,
0.0610286,
0.0605826,
0.0599516,
0.0596956,
0.0592858,
0.0591825,
0.0588509,
0.0587104,
0.0582727,
0.0577795,
0.0569378,
0.0567452,
0.0565538,
0.0565072,
0.0564143,
0.0563904,
0.0563042,
0.0562816,
0.0562419,
0.0562224,
0.0561513,
0.0561294,
0.0560447,
0.05596,
0.055708,
0.0555069,
0.0552837,
0.055219,
0.0550572,
0.0550671,
0.0549664,
0.0550258,
0.054954,
0.0550426,
0.0549857,
0.0550808,
0.0550299,
0.0551257,
0.0550751,
0.0551604,
0.055106,
0.0551729,
0.055103,
0.0551473,
0.0550853,
0.0551405,
0.0550973,
0.0551481,
0.055109,
0.05515,
0.0551142,
0.0551511,
0.0551295,
0.0551699,
0.0551611,
0.0552036,
0.0552106,
0.0552589,
0.0552773,
0.0553263,
0.0553531,
0.055403,
0.0554348,
0.0554835,
0.0555202,
0.0555696,
0.0556093,
0.0556564,
0.0556974,
0.0557424,
0.0557814,
0.0558184,
0.0558502,
0.0558751,
0.0558913,
0.0558941,
0.0558903,
0.0558767,
0.0558686,
0.0558678,
0.0558695,
0.0558801,
0.055885,
0.408242,
0.35461,
0.33921,
0.31236,
0.298725,
0.286768,
0.275915,
0.268698,
0.261674,
0.255219,
0.249336,
0.244001,
0.239369,
0.235199,
0.231278,
0.227441,
0.223725,
0.220201,
0.216892,
0.2138,
0.21095,
0.208299,
0.205759,
0.203252,
0.200721,
0.198096,
0.195272,
0.192208,
0.188994,
0.185615,
0.182258,
0.179274,
0.176489,
0.173811,
0.171309,
0.168855,
0.166454,
0.164207,
0.162136,
0.160173,
0.15829,
0.156494,
0.154799,
0.153202,
0.151651,
0.150087,
0.148489,
0.146879,
0.145269,
0.143652,
0.141995,
0.140242,
0.13835,
0.136394,
0.134451,
0.13251,
0.130762,
0.129251,
0.127911,
0.126709,
0.12562,
0.124599,
0.123613,
0.122631,
0.121639,
0.120621,
0.119555,
0.11843,
0.11729,
0.116232,
0.11526,
0.114315,
0.113354,
0.11236,
0.111375,
0.110397,
0.109387,
0.108362,
0.107349,
0.10637,
0.105458,
0.104642,
0.103896,
0.103191,
0.102496,
0.101809,
0.101135,
0.100496,
0.0998876,
0.0993062,
0.098731,
0.0981621,
0.0975834,
0.0970021,
0.0964337,
0.0958994,
0.095381,
0.0948927,
0.0944217,
0.0939664,
0.0935123,
0.0930493,
0.0925641,
0.0920479,
0.0915104,
0.0909788,
0.0904696,
0.0899809,
0.0895108,
0.0890605,
0.0886358,
0.0882389,
0.0878596,
0.0874847,
0.0871051,
0.0867152,
0.0863054,
0.0858626,
0.0853913,
0.0849106,
0.0844124,
0.0838997,
0.0834288,
0.08301,
0.0826012,
0.0821837,
0.0817617,
0.0813424,
0.0809109,
0.0804471,
0.0799507,
0.0794378,
0.0789127,
0.0783746,
0.0778503,
0.07735,
0.076842,
0.0762884,
0.0756752,
0.075044,
0.0744235,
0.0737738,
0.0730578,
0.0723674,
0.0717364,
0.0711621,
0.070594,
0.0700842,
0.0696075,
0.0691633,
0.0687447,
0.0683692,
0.0680316,
0.0677038,
0.0673744,
0.0670333,
0.0666788,
0.0663104,
0.0659234,
0.065513,
0.0650902,
0.0646646,
0.0642421,
0.0638426,
0.0634749,


Test errors: 
0.371054,
0.340964,
0.328956,
0.323693,
0.321413,
0.311649,
0.304152,
0.299962,
0.297421,
0.292756,
0.285562,
0.278754,
0.273192,
0.267776,
0.261108,
0.253461,
0.245763,
0.238285,
0.23093,
0.224028,
0.217455,
0.210928,
0.204618,
0.198263,
0.192965,
0.189634,
0.187177,
0.184902,
0.182599,
0.180225,
0.177885,
0.175715,
0.17368,
0.171646,
0.169478,
0.167394,
0.165688,
0.164481,
0.16364,
0.162932,
0.162279,
0.161656,
0.161031,
0.160367,
0.159667,
0.159005,
0.158402,
0.157791,
0.157195,
0.156657,
0.156179,
0.155844,
0.155834,
0.156321,
0.156866,
0.157109,
0.157281,
0.157639,
0.158121,
0.158576,
0.15898,
0.159411,
0.159847,
0.160193,
0.160457,
0.160686,
0.160865,
0.160927,
0.160825,
0.160581,
0.160235,
0.159769,
0.159147,
0.158417,
0.157699,
0.156997,
0.156347,
0.155776,
0.155231,
0.154651,
0.154039,
0.153545,
0.153124,
0.152745,
0.152493,
0.152205,
0.151738,
0.151473,
0.151544,
0.151439,
0.150904,
0.15039,
0.150291,
0.150369,
0.150306,
0.15026,
0.150408,
0.15062,
0.150734,
0.150823,
0.151048,
0.151278,
0.151304,
0.151308,
0.151608,
0.152234,
0.1529,
0.153508,
0.154175,
0.154905,
0.155594,
0.156208,
0.156732,
0.157076,
0.157249,
0.157447,
0.157778,
0.158152,
0.158493,
0.158825,
0.159138,
0.159374,
0.159578,
0.15985,
0.160165,
0.160403,
0.160516,
0.16057,
0.160623,
0.160688,
0.160797,
0.161,
0.161303,
0.161668,
0.162079,
0.162573,
0.163198,
0.163896,
0.164516,
0.165101,
0.165741,
0.166295,
0.166707,
0.167138,
0.167646,
0.168102,
0.168423,
0.168681,
0.16894,
0.169141,
0.169239,
0.169328,
0.169503,
0.169708,
0.169817,
0.1698,
0.169857,
0.170173,
0.1706,
0.170929,
0.171197,
0.171502,
0.171764,
0.17186,
0.171837,
0.171887,
0.172187,
0.172599,
0.172864,
0.173109,
0.17354,
0.173989,
0.174254,
0.174483,
0.174871,
0.175261,
0.17541,
0.175501,
0.175936,
0.176507,
0.176707,
0.176766,
0.177229,
0.177778,
0.177885,
0.177887,
0.178324,
0.178801,
0.178827,
0.17873,
0.179001,
0.179298,
0.179223,
0.179064,
0.179245,
0.179502,
0.179504,
0.179452,
0.17966,
0.179909,
0.17997,
0.180111,
0.180641,
0.181157,
0.181256,
0.181318,
0.181908,
0.182424,
0.182548,
0.182714,
0.183627,
0.184214,
0.184043,
0.18412,
0.185167,
0.185578,
0.185145,
0.18537,
0.186516,
0.186848,
0.186328,
0.186845,
0.188089,
0.188398,
0.187813,
0.188435,
0.189664,
0.189887,
0.189165,
0.189731,
0.19099,
0.191194,
0.190453,
0.190947,
0.192223,
0.19239,
0.191536,
0.191866,
0.193107,
0.193163,
0.191856,
0.192503,
0.194169,
0.194134,
0.192624,
0.193305,
0.194736,
0.194884,
0.193855,
0.194142,
0.195365,
0.195584,
0.195005,
0.194831,
0.19571,
0.1958,
0.195248,
0.195089,
0.195651,
0.195724,
0.195554,
0.195581,
0.196082,
0.196403,
0.196445,
0.19666,
0.197205,
0.197379,
0.197355,
0.197557,
0.198084,
0.198295,
0.198284,
0.198499,
0.199071,
0.199301,
0.199327,
0.199486,
0.200159,
0.200667,
0.201138,
0.201557,
0.202298,
0.202591,
0.202794,
0.202975,
0.203625,
0.203948,
0.204229,
0.20443,
0.205057,
0.205411,
0.205738,
0.205969,
0.206574,
0.206966,
0.207318,
0.207548,
0.208062,
0.208405,
0.208701,
0.208887,
0.2093,
0.209612,
0.209889,
0.210082,
0.210449,
0.210768,
0.211057,
0.211284,
0.211637,
0.211985,
0.212311,
0.212597,
0.212969,
0.213353,
0.213717,
0.214051,
0.214443,
0.21485,
0.215242,
0.215618,
0.216029,
0.216455,
0.21687,
0.217284,
0.217709,
0.218131,
0.218541,
0.218961,
0.219372,
0.219789,
0.220231,
0.220689,
0.198552,
0.383339,
0.353895,
0.348171,
0.326608,
0.309473,
0.294575,
0.284602,
0.279184,
0.273762,
0.268475,
0.263711,
0.259619,
0.25604,
0.252585,
0.249214,
0.2461,
0.243449,
0.241291,
0.2395,
0.237947,
0.236521,
0.235117,
0.233682,
0.232226,
0.230782,
0.229342,
0.227821,
0.226081,
0.224099,
0.221988,
0.219814,
0.21767,
0.215708,
0.213763,
0.211918,
0.210525,
0.209228,
0.207776,
0.206194,
0.204713,
0.203427,
0.202268,
0.201121,
0.199953,
0.198828,
0.197722,
0.196556,
0.195367,
0.194281,
0.193313,
0.192409,
0.191531,
0.190615,
0.189643,
0.188728,
0.187847,
0.186898,
0.185927,
0.184998,
0.184122,
0.183304,
0.182547,
0.181853,
0.18123,
0.180677,
0.180166,
0.179667,
0.179168,
0.178669,
0.17816,
0.177658,
0.177198,
0.176798,
0.176433,
0.176056,
0.175628,
0.175137,
0.174621,
0.174136,
0.173667,
0.173176,
0.17276,
0.172437,
0.172028,
0.1715,
0.171028,
0.170641,
0.170185,
0.169684,
0.169313,
0.169085,
0.168844,
0.168578,
0.168384,
0.168268,
0.168134,
0.167962,
0.167832,
0.167799,
0.167792,
0.167763,
0.167731,
0.167733,
0.167764,
0.167798,
0.167822,
0.167837,
0.167838,
0.167799,
0.167687,
0.167502,
0.167295,
0.167116,
0.166975,
0.166857,
0.166743,
0.166615,
0.166463,
0.166285,
0.166084,
0.165867,
0.165637,
0.165417,
0.165238,
0.165098,
0.164977,
0.164853,
0.164698,
0.164507,
0.164308,
0.16413,
0.163961,
0.163773,
0.163567,
0.163366,
0.163201,
0.163086,
0.163017,
0.162982,
0.162969,
0.162974,
0.162992,
0.162998,
0.162916,
0.162675,
0.16243,
0.162382,
0.162359,
0.16219,
0.161962,
0.161795,
0.161625,
0.161364,
0.161038,
0.160709,
0.160398,
0.160084,
0.159765,
0.159456,
0.159169,
0.158896,
0.158637,
0.158417,
0.158266,
0.15819,
