FINAL REPORT
************
Train error (Mean +- SD): 0.118818 +- 1.38529e-05
Test error (Mean +- SD): 0.157354 +- 0.00020382
Train CCR (Mean +- SD): 0.937778 +- 0.000139749
Test CCR (Mean +- SD): 0.926667 +- 7.55556e-05
CONVERGENCE DATA
****************


Iterations: 
1,
2,
3,
4,
5,
6,
7,
8,
9,
10,
11,
12,
13,
14,
15,
16,
17,
18,
19,
20,
21,
22,
23,
24,
25,
26,
27,
28,
29,
30,
31,
32,
33,
34,
35,
36,
37,
38,
39,
40,
41,
42,
43,
44,
45,
46,
47,
48,
49,
50,
51,
52,
53,
54,
55,
56,
57,
58,
59,
60,
61,
62,
63,
64,
65,
66,
67,
68,
69,
70,
71,
72,
73,
74,
75,
76,
77,
78,
79,
80,
81,
82,
83,
84,
85,
86,
87,
88,
89,
90,
91,
92,
93,
94,
95,
96,
97,
98,
99,
100,


Train errors: 
0.975166,
1.55356,
1.44953,
1.04526,
0.797465,
0.576276,
0.403919,
0.383422,
0.347292,
0.291496,
0.262627,
0.252422,
0.245349,
0.234234,
0.234544,
0.224149,
0.225999,
0.216685,
0.218576,
0.210612,
0.21083,
0.205102,
0.204083,
0.200062,
0.197599,
0.194979,
0.192161,
0.190094,
0.187224,
0.185219,
0.182538,
0.180425,
0.178026,
0.175864,
0.173589,
0.171435,
0.169353,
0.167341,
0.165375,
0.163451,
0.161629,
0.159879,
0.158196,
0.156559,
0.154994,
0.153504,
0.152082,
0.150719,
0.14941,
0.14816,
0.146965,
0.145821,
0.144722,
0.143664,
0.142647,
0.141668,
0.140725,
0.139816,
0.138939,
0.138095,
0.137281,
0.136497,
0.135743,
0.135017,
0.134321,
0.133652,
0.13301,
0.132396,
0.131808,
0.131246,
0.130709,
0.130196,
0.129707,
0.129242,
0.128799,
0.128377,
0.127977,
0.127597,
0.127238,
0.126898,
0.126577,
0.126275,
0.125991,
0.125725,
0.125476,
0.125244,
0.125029,
0.12483,
0.124648,
0.124482,
0.124331,
0.124196,
0.124077,
0.123973,
0.123883,
0.123809,
0.12375,
0.123706,
0.123676,
0.123662,


Test errors: 
0.73182,
1.03726,
1.12237,
0.918193,
0.718582,
0.511097,
0.349203,
0.381938,
0.351727,
0.259596,
0.219891,
0.223995,
0.230604,
0.209674,
0.198896,
0.196626,
0.211818,
0.197102,
0.189257,
0.186718,
0.197697,
0.190141,
0.18117,
0.17885,
0.183905,
0.182071,
0.174166,
0.171524,
0.173534,
0.174092,
0.169494,
0.166412,
0.166639,
0.167079,
0.164708,
0.161787,
0.160559,
0.160117,
0.158685,
0.156492,
0.154828,
0.153828,
0.152739,
0.151235,
0.149738,
0.148553,
0.147525,
0.146423,
0.145264,
0.144187,
0.14323,
0.142328,
0.141434,
0.140564,
0.139745,
0.138977,
0.138244,
0.137538,
0.136858,
0.136209,
0.135588,
0.134993,
0.134422,
0.133873,
0.133346,
0.132839,
0.132352,
0.131884,
0.131433,
0.130998,
0.13058,
0.130177,
0.129789,
0.129416,
0.129058,
0.128714,
0.128383,
0.128068,
0.127766,
0.127478,
0.127204,
0.126944,
0.126697,
0.126465,
0.126246,
0.126042,
0.125851,
0.125674,
0.125511,
0.125362,
0.125226,
0.125104,
0.124996,
0.124901,
0.12482,
0.124753,
0.124699,
0.124658,
0.124631,
0.124618,
