FINAL REPORT
************
Train error (Mean +- SD): 0.0294951 +- 9.55317e-07
Test error (Mean +- SD): 0.0525885 +- 7.81259e-06
Train CCR (Mean +- SD): 0.969722 +- 2.8858e-05
Test CCR (Mean +- SD): 0.942667 +- 1.95556e-05
CONVERGENCE DATA
****************


Iterations: 
1,
2,
3,
4,
5,
6,
7,
8,
9,
10,
11,
12,
13,
14,
15,
16,
17,
18,
19,
20,
21,
22,
23,
24,
25,
26,
27,
28,
29,
30,
31,
32,
33,
34,
35,
36,
37,
38,
39,
40,
41,
42,
43,
44,
45,
46,
47,
48,
49,
50,
51,
52,
53,
54,
55,
56,
57,
58,
59,
60,
61,
62,
63,
64,
65,
66,
67,
68,
69,
70,
71,
72,
73,
74,
75,
76,
77,
78,
79,
80,
81,
82,
83,
84,
85,
86,
87,
88,
89,
90,
91,
92,
93,
94,
95,
96,
97,
98,
99,
100,
101,
102,
103,
104,
105,
106,
107,
108,
109,
110,
111,
112,
113,
114,
115,
116,
117,
118,
119,
120,
121,
122,
123,
124,
125,
126,
127,
128,
129,
130,
131,
132,
133,
134,
135,
136,
137,
138,
139,
140,
141,
142,
143,
144,
145,
146,
147,
148,
149,
150,
151,
152,
153,
154,
155,
156,
157,
158,
159,
160,
161,
162,
163,
164,
165,
166,
167,
168,
169,
170,
171,
172,
173,
174,
175,
176,
177,
178,
179,
180,
181,
182,
183,
184,
185,
186,
187,
188,
189,
190,
191,
192,
193,
194,
195,
196,
197,
198,
199,
200,
201,
202,
203,
204,
205,
206,
207,
208,
209,
210,
211,
212,
213,
214,
215,
216,
217,
218,
219,
220,
221,
222,
223,
224,
225,
226,
227,
228,
229,
230,
231,
232,
233,
234,
235,
236,
237,
238,
239,
240,
241,
242,
243,
244,
245,
246,
247,
248,
249,
250,
251,
252,
253,
254,
255,
256,
257,
258,
259,
260,
261,
262,
263,
264,
265,
266,
267,
268,
269,
270,
271,
272,
273,
274,
275,
276,
277,
278,
279,
280,
281,
282,
283,
284,
285,
286,
287,
288,
289,
290,
291,
292,
293,
294,
295,
296,
297,
298,
299,
300,
301,
302,
303,
304,
305,
306,
307,
308,
309,
310,
311,
312,
313,
314,
315,
316,
317,
318,
319,
320,
321,
322,
323,
324,
325,
326,
327,
328,
329,
330,
331,
332,
333,
334,
335,
336,
337,
338,
339,
340,
341,
342,
343,
344,
345,
346,
347,
348,
349,
350,
351,
352,
353,
354,
355,
356,
357,
358,
359,
360,
361,
362,
363,
364,
365,
366,
367,
368,
369,
370,
371,
372,
373,
374,
375,
376,
377,
378,
379,
380,
381,
382,
383,
384,
385,
386,
387,
388,
389,
390,
391,
392,
393,
394,
395,
396,
397,
398,
399,
400,
401,
402,
403,
404,
405,
406,
407,
408,
409,
410,
411,
412,
413,
414,
415,
416,
417,
418,
419,
420,
421,
422,
423,
424,
425,
426,
427,
428,
429,
430,
431,
432,
433,
434,
435,
436,
437,
438,
439,
440,
441,
442,
443,
444,
445,
446,
447,
448,
449,
450,
451,
452,
453,
454,
455,
456,
457,
458,
459,
460,
461,
462,
463,
464,
465,
466,
467,
468,
469,
470,
471,
472,
473,
474,
475,
476,
477,
478,
479,
480,
481,
482,
483,
484,
485,
486,
487,
488,
489,
490,
491,
492,
493,
494,
495,
496,
497,
498,
499,
500,


Train errors: 
0.230004,
0.222468,
0.218064,
0.202469,
0.196848,
0.189996,
0.19131,
0.187574,
0.187725,
0.184742,
0.185413,
0.182126,
0.183183,
0.179867,
0.180693,
0.176997,
0.177833,
0.173794,
0.173148,
0.167982,
0.165793,
0.160484,
0.158356,
0.157255,
0.154682,
0.15378,
0.151424,
0.1504,
0.148229,
0.146837,
0.144927,
0.143324,
0.141582,
0.139921,
0.138419,
0.137009,
0.135821,
0.134739,
0.133819,
0.132993,
0.132234,
0.131513,
0.130809,
0.13012,
0.12944,
0.128765,
0.128095,
0.127428,
0.126764,
0.126104,
0.125446,
0.124791,
0.124137,
0.123484,
0.122832,
0.12218,
0.121528,
0.120875,
0.120222,
0.119566,
0.11891,
0.118251,
0.117591,
0.116928,
0.116264,
0.115598,
0.114931,
0.114265,
0.113598,
0.112933,
0.112269,
0.111608,
0.110948,
0.110291,
0.109636,
0.108984,
0.108335,
0.107688,
0.107043,
0.106401,
0.10576,
0.105122,
0.104487,
0.103853,
0.103223,
0.102597,
0.101974,
0.101356,
0.100743,
0.100138,
0.0995397,
0.0989506,
0.0983715,
0.0978033,
0.0972462,
0.0967005,
0.0961659,
0.0956421,
0.0951286,
0.0946247,
0.0941301,
0.0936442,
0.0931665,
0.0926968,
0.0922345,
0.0917794,
0.0913312,
0.0908897,
0.0904546,
0.0900257,
0.0896028,
0.0891857,
0.0887742,
0.088368,
0.0879669,
0.0875706,
0.0871789,
0.0867916,
0.0864084,
0.086029,
0.0856534,
0.0852812,
0.0849124,
0.0845468,
0.0841845,
0.0838254,
0.0834694,
0.0831164,
0.0827665,
0.0824195,
0.0820752,
0.0817337,
0.081395,
0.0810591,
0.0807262,
0.0803963,
0.0800697,
0.0797465,
0.0794267,
0.0791104,
0.0787976,
0.0784882,
0.0781821,
0.0778792,
0.0775794,
0.0772826,
0.0769887,
0.0766975,
0.0764091,
0.0761234,
0.0758403,
0.07556,
0.0752823,
0.0750074,
0.0747353,
0.0744661,
0.0741998,
0.0739366,
0.0736764,
0.0734191,
0.0731646,
0.0729126,
0.0726625,
0.0724141,
0.0721668,
0.0719206,
0.0716754,
0.071431,
0.0711877,
0.0709455,
0.0707045,
0.0704647,
0.0702263,
0.0699893,
0.0697537,
0.0695196,
0.069287,
0.0690561,
0.0688267,
0.068599,
0.068373,
0.0681487,
0.067926,
0.0677051,
0.0674859,
0.0672684,
0.0670526,
0.0668383,
0.0666257,
0.0664146,
0.066205,
0.0659969,
0.0657902,
0.0655848,
0.0653807,
0.0651779,
0.0649763,
0.0647758,
0.0645764,
0.0643781,
0.0641807,
0.0639842,
0.0637886,
0.0635939,
0.0633998,
0.0632065,
0.0630138,
0.0628217,
0.0626302,
0.0624392,
0.0622487,
0.0620587,
0.0618691,
0.06168,
0.0614913,
0.061303,
0.0611151,
0.0609275,
0.0607403,
0.0605535,
0.060367,
0.0601808,
0.0599949,
0.0598092,
0.0596239,
0.0594389,
0.0592541,
0.0590696,
0.0588855,
0.0587017,
0.0585183,
0.0583353,
0.0581528,
0.0579709,
0.0577896,
0.0576088,
0.0574288,
0.0572495,
0.0570708,
0.0568929,
0.0567158,
0.0565394,
0.0563637,
0.0561889,
0.0560147,
0.0558413,
0.0556687,
0.0554967,
0.0553255,
0.0551549,
0.054985,
0.0548157,
0.0546471,
0.0544791,
0.0543116,
0.0541449,
0.0539787,
0.0538133,
0.0536486,
0.0534846,
0.0533214,
0.0531591,
0.0529976,
0.052837,
0.0526773,
0.0525186,
0.0523609,
0.0522041,
0.0520482,
0.0518933,
0.0517393,
0.0515861,
0.0514338,
0.0512824,
0.0511318,
0.0509819,
0.0508328,
0.0506845,
0.050537,
0.0503903,
0.0502443,
0.050099,
0.0499546,
0.0498109,
0.049668,
0.0495259,
0.0493845,
0.0492439,
0.0491041,
0.0489651,
0.0488268,
0.0486893,
0.0485525,
0.0484165,
0.0482813,
0.0481467,
0.0480129,
0.0478799,
0.0477475,
0.0476158,
0.0474848,
0.0473545,
0.0472248,
0.0470958,
0.0469674,
0.0468396,
0.0467124,
0.0465859,
0.0464599,
0.0463344,
0.0462095,
0.0460851,
0.0459613,
0.0458379,
0.0457149,
0.0455924,
0.0454703,
0.0453486,
0.0452273,
0.0451063,
0.0449857,
0.0448653,
0.0447453,
0.0446255,
0.044506,
0.0443867,
0.0442676,
0.0441488,
0.0440302,
0.0439118,
0.0437937,
0.0436757,
0.043558,
0.0434405,
0.0433232,
0.0432061,
0.0430893,
0.0429727,
0.0428564,
0.0427404,
0.0426246,
0.0425092,
0.042394,
0.0422793,
0.0421649,
0.042051,
0.0419375,
0.0418245,
0.041712,
0.0416001,
0.0414887,
0.041378,
0.0412679,
0.0411584,
0.0410496,
0.0409415,
0.0408341,
0.0407273,
0.0406213,
0.040516,
0.0404114,
0.0403074,
0.0402042,
0.0401017,
0.0399998,
0.0398985,
0.039798,
0.039698,
0.0395986,
0.0394999,
0.0394017,
0.039304,
0.039207,
0.0391104,
0.0390144,
0.0389188,
0.0388238,
0.0387292,
0.0386351,
0.0385414,
0.0384482,
0.0383554,
0.0382631,
0.0381711,
0.0380796,
0.0379884,
0.0378977,
0.0378073,
0.0377173,
0.0376277,
0.0375385,
0.0374497,
0.0373612,
0.0372732,
0.0371855,
0.0370982,
0.0370114,
0.0369249,
0.0368389,
0.0367533,
0.0366682,
0.0365834,
0.036499,
0.036415,
0.0363314,
0.0362481,
0.0361651,
0.0360823,
0.0359999,
0.0359177,
0.0358357,
0.0357539,
0.0356724,
0.035591,
0.0355098,
0.0354289,
0.0353482,
0.0352676,
0.0351873,
0.0351072,
0.0350273,
0.0349476,
0.0348681,
0.0347888,
0.0347098,
0.0346309,
0.0345523,
0.0344739,
0.0343957,
0.0343178,
0.03424,
0.0341626,
0.0340853,
0.0340084,
0.0339317,
0.0338552,
0.0337791,
0.0337032,
0.0336276,
0.0335522,
0.0334772,
0.0334025,
0.033328,
0.0332539,
0.0331801,
0.0331065,
0.0330333,
0.0329604,
0.0328877,
0.0328154,
0.0327434,
0.0326717,
0.0326004,
0.0325293,
0.0324585,
0.0323881,
0.0323179,
0.0322481,
0.0321785,
0.0321093,
0.0320403,
0.0319717,
0.0319034,
0.0318354,
0.0317677,
0.0317004,
0.0316335,
0.0315669,
0.0315007,
0.0314349,
0.0313695,
0.0313046,
0.03124,
0.0311758,
0.0311121,
0.0310486,
0.0309856,
0.0309228,
0.0308603,
0.030798,
0.030736,
0.0306742,
0.0306125,
0.030551,
0.0304897,
0.0304285,
0.0303675,
0.0303067,
0.0302461,
0.0301857,
0.0301255,
0.0300656,
0.0300058,
0.0299464,
0.0298872,
0.0298283,
0.0297696,
0.0297113,
0.0296533,
0.0295956,


Test errors: 
0.237641,
0.217718,
0.211184,
0.205149,
0.199579,
0.18399,
0.179638,
0.178428,
0.185046,
0.181967,
0.17761,
0.175361,
0.181771,
0.177107,
0.172532,
0.170729,
0.177348,
0.17167,
0.165578,
0.162555,
0.166213,
0.160791,
0.15618,
0.155987,
0.155946,
0.15536,
0.151053,
0.149202,
0.148447,
0.14803,
0.145352,
0.142637,
0.140916,
0.139704,
0.137925,
0.135706,
0.133987,
0.132807,
0.131797,
0.130692,
0.129636,
0.128763,
0.128021,
0.127295,
0.126537,
0.125778,
0.125044,
0.124327,
0.123604,
0.122869,
0.122128,
0.121387,
0.120648,
0.119907,
0.119163,
0.118419,
0.117677,
0.116938,
0.116202,
0.115468,
0.114738,
0.114012,
0.113289,
0.112572,
0.111859,
0.111152,
0.110452,
0.10976,
0.109076,
0.108402,
0.107738,
0.107084,
0.106442,
0.105809,
0.105186,
0.104571,
0.103964,
0.103364,
0.102771,
0.102184,
0.101603,
0.101028,
0.100458,
0.0998943,
0.0993364,
0.0987849,
0.0982405,
0.0977036,
0.0971752,
0.096656,
0.096147,
0.0956488,
0.0951623,
0.0946879,
0.094226,
0.0937768,
0.0933404,
0.0929165,
0.0925051,
0.0921059,
0.0917187,
0.091343,
0.0909787,
0.0906255,
0.0902829,
0.0899507,
0.0896286,
0.0893163,
0.0890133,
0.0887194,
0.0884341,
0.0881571,
0.087888,
0.0876263,
0.0873717,
0.0871236,
0.0868818,
0.0866457,
0.0864152,
0.0861897,
0.085969,
0.0857529,
0.0855412,
0.0853335,
0.0851298,
0.08493,
0.0847339,
0.0845415,
0.0843525,
0.0841671,
0.083985,
0.0838062,
0.0836306,
0.0834579,
0.083288,
0.0831206,
0.0829557,
0.0827927,
0.0826316,
0.0824721,
0.0823138,
0.0821567,
0.0820005,
0.0818451,
0.0816904,
0.0815362,
0.0813827,
0.0812297,
0.0810772,
0.0809253,
0.0807739,
0.0806232,
0.0804731,
0.0803237,
0.0801751,
0.0800272,
0.0798803,
0.0797342,
0.0795892,
0.0794454,
0.0793029,
0.0791621,
0.079023,
0.0788859,
0.0787507,
0.0786177,
0.0784867,
0.0783576,
0.0782305,
0.0781051,
0.0779815,
0.0778595,
0.0777392,
0.0776204,
0.077503,
0.0773871,
0.0772725,
0.0771592,
0.077047,
0.0769359,
0.0768258,
0.0767165,
0.076608,
0.0765001,
0.0763929,
0.0762862,
0.0761799,
0.076074,
0.0759685,
0.0758633,
0.0757584,
0.0756538,
0.0755495,
0.0754455,
0.0753418,
0.0752384,
0.0751354,
0.0750327,
0.0749304,
0.0748284,
0.0747269,
0.0746258,
0.0745252,
0.074425,
0.0743253,
0.0742262,
0.0741276,
0.0740296,
0.0739322,
0.0738355,
0.0737394,
0.0736439,
0.0735491,
0.0734551,
0.0733618,
0.0732692,
0.0731773,
0.0730862,
0.0729959,
0.0729063,
0.0728175,
0.0727294,
0.0726421,
0.0725556,
0.0724699,
0.0723849,
0.0723007,
0.0722174,
0.0721348,
0.0720531,
0.0719722,
0.0718922,
0.0718131,
0.071735,
0.0716578,
0.0715815,
0.0715062,
0.0714318,
0.0713582,
0.0712855,
0.0712135,
0.0711423,
0.0710717,
0.0710016,
0.0709321,
0.070863,
0.0707943,
0.070726,
0.070658,
0.0705902,
0.0705227,
0.0704553,
0.0703882,
0.0703211,
0.0702542,
0.0701874,
0.0701206,
0.0700539,
0.0699873,
0.0699207,
0.0698541,
0.0697876,
0.0697212,
0.0696547,
0.0695884,
0.069522,
0.0694557,
0.0693895,
0.0693233,
0.0692571,
0.0691909,
0.0691247,
0.0690584,
0.068992,
0.0689254,
0.0688587,
0.0687917,
0.0687245,
0.068657,
0.0685892,
0.068521,
0.0684524,
0.0683835,
0.0683141,
0.0682443,
0.0681741,
0.0681036,
0.0680326,
0.0679612,
0.0678895,
0.0678175,
0.0677451,
0.0676725,
0.0675996,
0.0675264,
0.067453,
0.0673795,
0.0673057,
0.0672319,
0.067158,
0.067084,
0.0670101,
0.0669361,
0.0668622,
0.0667884,
0.0667148,
0.0666413,
0.066568,
0.066495,
0.0664222,
0.0663498,
0.0662777,
0.066206,
0.0661348,
0.0660639,
0.0659936,
0.0659237,
0.0658543,
0.0657855,
0.0657172,
0.0656494,
0.0655822,
0.0655156,
0.0654495,
0.0653839,
0.065319,
0.0652546,
0.0651907,
0.0651274,
0.0650647,
0.0650025,
0.0649409,
0.0648798,
0.0648193,
0.0647593,
0.0646998,
0.0646409,
0.0645825,
0.0645246,
0.0644672,
0.0644103,
0.0643539,
0.0642979,
0.0642424,
0.0641873,
0.0641326,
0.0640783,
0.0640244,
0.0639709,
0.0639177,
0.0638648,
0.0638122,
0.0637599,
0.0637079,
0.0636561,
0.0636046,
0.0635532,
0.0635021,
0.0634511,
0.0634003,
0.0633497,
0.0632991,
0.0632488,
0.0631985,
0.0631484,
0.0630983,
0.0630483,
0.0629984,
0.0629486,
0.0628989,
0.0628492,
0.0627997,
0.0627502,
0.0627009,
0.0626516,
0.0626026,
0.0625537,
0.0625049,
0.0624564,
0.0624082,
0.0623602,
0.0623125,
0.0622651,
0.0622181,
0.0621714,
0.0621251,
0.0620792,
0.0620336,
0.0619885,
0.0619438,
0.0618994,
0.0618555,
0.061812,
0.0617688,
0.0617261,
0.0616837,
0.0616417,
0.0616,
0.0615586,
0.0615176,
0.0614769,
0.0614364,
0.0613963,
0.0613564,
0.0613168,
0.0612775,
0.0612386,
0.0612,
0.0611617,
0.0611238,
0.0610863,
0.0610492,
0.0610126,
0.0609764,
0.0609408,
0.0609056,
0.0608708,
0.0608366,
0.0608029,
0.0607697,
0.060737,
0.0607048,
0.0606731,
0.0606419,
0.0606112,
0.060581,
0.0605512,
0.0605219,
0.060493,
0.0604646,
0.0604366,
0.060409,
0.0603818,
0.060355,
0.0603286,
0.0603025,
0.0602767,
0.0602512,
0.060226,
0.060201,
0.0601763,
0.0601518,
0.0601274,
0.0601033,
0.0600793,
0.0600555,
0.0600317,
0.0600081,
0.0599845,
0.059961,
0.0599376,
0.0599143,
0.059891,
0.0598677,
0.0598445,
0.0598214,
0.0597984,
0.0597754,
0.0597526,
0.0597298,
0.0597072,
0.0596847,
0.0596623,
0.0596401,
0.0596181,
0.0595962,
0.0595745,
0.059553,
0.0595317,
0.0595106,
0.0594898,
0.0594691,
0.0594487,
0.0594286,
0.0594086,
0.0593889,
0.0593695,
0.0593502,
0.0593312,
0.0593125,
0.0592939,
0.0592755,
0.0592574,
0.0592394,
0.0592216,
0.0592039,
0.0591865,
0.0591691,
0.0591519,
0.0591347,
0.0591177,
0.0591007,
0.0590838,
0.059067,
0.0590502,
0.0590334,
0.0590165,
0.0589997,
0.0589829,
0.058966,
