FINAL REPORT
************
Train error (Mean +- SD): 0.21077 +- 3.16465e-05
Test error (Mean +- SD): 0.222021 +- 2.91172e-05
Train CCR (Mean +- SD): 0.72284 +- 1.52416e-06
Test CCR (Mean +- SD): 0.706897 +- 0
CONVERGENCE DATA
****************


Iterations: 
1,
2,
3,
4,
5,
6,
7,
8,
9,
10,
11,
12,
13,
14,
15,
16,
17,
18,
19,
20,
21,
22,
23,
24,
25,
26,
27,
28,
29,
30,
31,
32,
33,
34,
35,
36,
37,
38,
39,
40,
41,
42,
43,
44,
45,
46,
47,
48,
49,
50,
51,
52,
53,
54,
55,
56,
57,
58,
59,
60,
61,
62,
63,
64,
65,
66,
67,
68,
69,
70,
71,
72,
73,
74,
75,
76,
77,
78,
79,
80,
81,
82,
83,
84,
85,
86,
87,
88,
89,
90,
91,
92,
93,
94,
95,
96,
97,
98,
99,
100,
101,
102,
103,
104,
105,
106,
107,
108,
109,
110,
111,
112,
113,
114,
115,
116,
117,
118,
119,
120,
121,
122,
123,
124,
125,
126,
127,
128,
129,
130,
131,
132,
133,
134,
135,
136,
137,
138,
139,
140,
141,
142,
143,
144,
145,
146,
147,
148,
149,
150,
151,
152,
153,
154,
155,
156,
157,
158,
159,
160,
161,
162,
163,
164,
165,
166,
167,
168,
169,
170,
171,
172,
173,
174,
175,
176,
177,
178,
179,
180,
181,
182,
183,
184,
185,
186,
187,
188,
189,
190,
191,
192,
193,
194,
195,
196,
197,
198,
199,
200,
201,
202,
203,
204,
205,
206,
207,
208,
209,
210,
211,
212,
213,
214,
215,
216,
217,
218,
219,
220,
221,
222,
223,
224,
225,
226,
227,
228,
229,
230,
231,
232,
233,
234,
235,
236,
237,
238,
239,
240,
241,
242,
243,
244,
245,
246,
247,
248,
249,
250,
251,
252,
253,
254,
255,
256,
257,
258,
259,
260,
261,
262,
263,
264,
265,
266,
267,
268,
269,
270,
271,
272,
273,
274,
275,
276,
277,
278,
279,
280,
281,
282,
283,
284,
285,
286,
287,
288,
289,
290,
291,
292,
293,
294,
295,
296,
297,
298,
299,
300,
301,
302,
303,
304,
305,
306,
307,
308,
309,
310,
311,
312,
313,
314,
315,
316,
317,
318,
319,
320,
321,
322,
323,
324,
325,
326,
327,
328,
329,
330,
331,
332,
333,
334,
335,
336,
337,
338,
339,
340,
341,
342,
343,
344,
345,
346,
347,
348,
349,
350,
351,
352,
353,
354,
355,
356,
357,
358,
359,
360,
361,
362,
363,
364,
365,
366,
367,
368,
369,
370,
371,
372,
373,
374,
375,
376,
377,
378,
379,
380,
381,
382,
383,
384,
385,
386,
387,
388,
389,
390,
391,
392,
393,
394,
395,
396,
397,
398,
399,
400,
401,
402,
403,
404,
405,
406,
407,
408,
409,
410,
411,
412,
413,
414,
415,
416,
417,
418,
419,
420,
421,
422,
423,
424,
425,
426,
427,
428,
429,
430,
431,
432,
433,
434,
435,
436,
437,
438,
439,
440,
441,
442,
443,
444,
445,
446,
447,
448,
449,
450,
451,
452,
453,
454,
455,
456,
457,
458,
459,
460,
461,
462,
463,
464,
465,
466,
467,
468,
469,
470,
471,
472,
473,
474,
475,
476,
477,
478,
479,
480,
481,
482,
483,
484,
485,
486,
487,
488,
489,
490,
491,
492,
493,
494,
495,
496,
497,
498,
499,
500,
501,
502,
503,
504,
505,
506,
507,
508,
509,
510,
511,
512,
513,
514,
515,
516,
517,
518,
519,
520,
521,
522,
523,
524,
525,
526,
527,
528,
529,
530,
531,
532,
533,
534,
535,
536,
537,
538,
539,
540,
541,
542,
543,
544,
545,
546,
547,
548,
549,
550,
551,
552,
553,
554,
555,
556,
557,
558,
559,
560,
561,
562,
563,
564,
565,
566,
567,
568,
569,
570,
571,
572,
573,
574,
575,
576,
577,
578,
579,
580,
581,
582,
583,
584,
585,
586,
587,
588,
589,
590,
591,
592,
593,
594,
595,
596,
597,
598,
599,
600,
601,
602,
603,
604,
605,
606,
607,
608,
609,
610,
611,
612,
613,
614,
615,
616,
617,
618,
619,
620,
621,
622,
623,
624,
625,
626,
627,
628,
629,
630,
631,
632,
633,
634,
635,
636,
637,
638,
639,
640,
641,
642,
643,
644,
645,
646,
647,
648,
649,
650,
651,
652,
653,
654,
655,
656,
657,
658,
659,
660,
661,
662,
663,
664,
665,
666,
667,
668,
669,
670,
671,
672,
673,
674,
675,
676,
677,
678,
679,
680,
681,
682,
683,
684,
685,
686,
687,
688,
689,
690,
691,
692,
693,
694,
695,
696,
697,
698,
699,
700,
701,
702,
703,
704,
705,
706,
707,
708,
709,
710,
711,
712,
713,
714,
715,
716,
717,
718,
719,
720,
721,
722,
723,
724,
725,
726,
727,
728,
729,
730,
731,
732,
733,
734,
735,
736,
737,
738,
739,
740,
741,
742,
743,
744,
745,
746,
747,
748,
749,
750,
751,
752,
753,
754,
755,
756,
757,
758,
759,
760,
761,
762,
763,
764,
765,
766,
767,
768,
769,
770,
771,
772,
773,
774,
775,
776,
777,
778,
779,
780,
781,
782,
783,
784,
785,
786,
787,
788,
789,
790,
791,
792,
793,
794,
795,
796,
797,
798,
799,
800,
801,
802,
803,
804,
805,
806,
807,
808,
809,
810,
811,
812,
813,
814,
815,
816,
817,
818,
819,
820,
821,
822,
823,
824,
825,
826,
827,
828,
829,
830,
831,
832,
833,
834,
835,
836,
837,
838,
839,
840,
841,
842,
843,
844,
845,
846,
847,
848,
849,
850,
851,
852,
853,
854,
855,
856,
857,
858,
859,
860,
861,
862,
863,
864,
865,
866,
867,
868,
869,
870,
871,
872,
873,
874,
875,
876,
877,
878,
879,
880,
881,
882,
883,
884,
885,
886,
887,
888,
889,
890,
891,
892,
893,
894,
895,
896,
897,
898,
899,
900,
901,
902,
903,
904,
905,
906,
907,
908,
909,
910,
911,
912,
913,
914,
915,
916,
917,
918,
919,
920,
921,
922,
923,
924,
925,
926,
927,
928,
929,
930,
931,
932,
933,
934,
935,
936,
937,
938,
939,
940,
941,
942,
943,
944,
945,
946,
947,
948,
949,
950,
951,
952,
953,
954,
955,
956,
957,
958,
959,
960,
961,
962,
963,
964,
965,
966,
967,
968,
969,
970,
971,
972,
973,
974,
975,
976,
977,
978,
979,
980,
981,
982,
983,
984,
985,
986,
987,
988,
989,
990,
991,
992,
993,
994,
995,
996,
997,
998,
999,
1000,


Train errors: 
0.218133,
0.219645,
0.219483,
0.218835,
0.218519,
0.218151,
0.21752,
0.216754,
0.215945,
0.215142,
0.214462,
0.214348,
0.215615,
0.217599,
0.21903,
0.219912,
0.220441,
0.220465,
0.219789,
0.219647,
0.21973,
0.219816,
0.219886,
0.219943,
0.219989,
0.220026,
0.220057,
0.220083,
0.220105,
0.220125,
0.220142,
0.220158,
0.220172,
0.220185,
0.220196,
0.220207,
0.220217,
0.220227,
0.220235,
0.220244,
0.220252,
0.220259,
0.220266,
0.220273,
0.22028,
0.220286,
0.220292,
0.220298,
0.220303,
0.220309,
0.220314,
0.220319,
0.220324,
0.220328,
0.220333,
0.220337,
0.220341,
0.220346,
0.22035,
0.220353,
0.220357,
0.220361,
0.213921,
0.211599,
0.211118,
0.210998,
0.211249,
0.211721,
0.212226,
0.212655,
0.212991,
0.213266,
0.213536,
0.213857,
0.214268,
0.214778,
0.215358,
0.21596,
0.216543,
0.21708,
0.21756,
0.217981,
0.218349,
0.218669,
0.218948,
0.219194,
0.21941,
0.219601,
0.219772,
0.219925,
0.220062,
0.220187,
0.2203,
0.220404,
0.220499,
0.220586,
0.220667,
0.220742,
0.220811,
0.220876,
0.220936,
0.220993,
0.221046,
0.221096,
0.221144,
0.221188,
0.22123,
0.221271,
0.221309,
0.221345,
0.221379,
0.221412,
0.221443,
0.221473,
0.221502,
0.22153,
0.20234,
0.20128,
0.200976,
0.200924,
0.200913,
0.200908,
0.200903,
0.200897,
0.200892,
0.200887,
0.200881,
0.200875,
0.200868,
0.20086,
0.200851,
0.200841,
0.20083,
0.200818,
0.200805,
0.200791,
0.200776,
0.200761,
0.200746,
0.200731,
0.200717,
0.200704,
0.200691,
0.200679,
0.200668,
0.200658,
0.200648,
0.20064,
0.200632,
0.200625,
0.200618,
0.200613,
0.200607,
0.200602,
0.200598,
0.200593,
0.200589,
0.200586,
0.200583,
0.20058,
0.200577,
0.200574,
0.200572,
0.200569,
0.200567,
0.200565,
0.200563,
0.200561,
0.20056,
0.200558,
0.200557,
0.200555,
0.200554,
0.200553,
0.200551,
0.20055,
0.200549,
0.200548,
0.200547,
0.200546,
0.200545,
0.200544,
0.200543,
0.200543,
0.200542,
0.200541,
0.20054,
0.20054,
0.200539,
0.200538,
0.200538,
0.200537,
0.200537,
0.200536,
0.200536,
0.200535,
0.200535,
0.200534,
0.200534,
0.200533,
0.200533,
0.200533,
0.200532,
0.200532,
0.200531,
0.200531,
0.200531,
0.20053,
0.20053,
0.20053,
0.20053,
0.200529,
0.200529,
0.200529,
0.200528,
0.200528,
0.200528,
0.200528,
0.200527,
0.200527,
0.200527,
0.200527,
0.200527,
0.200526,
0.200526,
0.200526,
0.200526,
0.200526,
0.200526,
0.200526,
0.200525,
0.200525,
0.200525,
0.200525,
0.200525,
0.200525,
0.200525,
0.200524,
0.200524,
0.200524,
0.200524,
0.200524,
0.200524,
0.200524,
0.200524,
0.200524,
0.200524,
0.200524,
0.200524,
0.200524,
0.200523,
0.200523,
0.200523,
0.200523,
0.200523,
0.200523,
0.200523,
0.200523,
0.200523,
0.200523,
0.200523,
0.200523,
0.200523,
0.200523,
0.200523,
0.200523,
0.200523,
0.200523,
0.200523,
0.200523,
0.200523,
0.200523,
0.200523,
0.200523,
0.200523,
0.200523,
0.200523,
0.200523,
0.200523,
0.200523,
0.200523,
0.200523,
0.200523,
0.200523,
0.200523,
0.200523,
0.200523,
0.200523,
0.200523,
0.200523,
0.200524,
0.200524,
0.200524,
0.200524,
0.200524,
0.200524,
0.200524,
0.200524,
0.200524,
0.200524,
0.200524,
0.200524,
0.200524,
0.200524,
0.200524,
0.200524,
0.200525,
0.200525,
0.200525,
0.200525,
0.200525,
0.200525,
0.200525,
0.200525,
0.200525,
0.200525,
0.200525,
0.200525,
0.200525,
0.200526,
0.200526,
0.200526,
0.200526,
0.200526,
0.200526,
0.200526,
0.200526,
0.200526,
0.200526,
0.200527,
0.200527,
0.200527,
0.200527,
0.200527,
0.200527,
0.200527,
0.200527,
0.200527,
0.200528,
0.200528,
0.200528,
0.200528,
0.200528,
0.200528,
0.200528,
0.200528,
0.200529,
0.200529,
0.200529,
0.200529,
0.200529,
0.200529,
0.200529,
0.200529,
0.20053,
0.20053,
0.20053,
0.20053,
0.20053,
0.20053,
0.20053,
0.200531,
0.200531,
0.200531,
0.200531,
0.200531,
0.200531,
0.200531,
0.200532,
0.200532,
0.200532,
0.200532,
0.200532,
0.200532,
0.200532,
0.200533,
0.200533,
0.200533,
0.200533,
0.200533,
0.200533,
0.200534,
0.200534,
0.200534,
0.200534,
0.200534,
0.200534,
0.200535,
0.200535,
0.200535,
0.200535,
0.200535,
0.200535,
0.200536,
0.200536,
0.200536,
0.200536,
0.200536,
0.200536,
0.200537,
0.200537,
0.200537,
0.200537,
0.200537,
0.200538,
0.200538,
0.200538,
0.200538,
0.200538,
0.200538,
0.200539,
0.200539,
0.200539,
0.200539,
0.200539,
0.20054,
0.20054,
0.20054,
0.20054,
0.20054,
0.20054,
0.200541,
0.200541,
0.200541,
0.200541,
0.200541,
0.200542,
0.200542,
0.217123,
0.219066,
0.220367,
0.221287,
0.221965,
0.222483,
0.222889,
0.223217,
0.223486,
0.223712,
0.223904,
0.224069,
0.224214,
0.224341,
0.224454,
0.224555,
0.224646,
0.224729,
0.224804,
0.224873,
0.224936,
0.224995,
0.225049,
0.2251,
0.225147,
0.225191,
0.225233,
0.225272,
0.225308,
0.225343,
0.225376,
0.225407,
0.225437,
0.225465,
0.225492,
0.225517,
0.225542,
0.225565,
0.225588,
0.225609,
0.22563,
0.22565,
0.225669,
0.225687,
0.225705,
0.225722,
0.225738,
0.225754,
0.22577,
0.225784,
0.225799,
0.211115,
0.210935,
0.210877,
0.210857,
0.210858,
0.210874,
0.210906,
0.210951,
0.211009,
0.211078,
0.211158,
0.211246,
0.21134,
0.211438,
0.21154,
0.211644,
0.211748,
0.211852,
0.211955,
0.212058,
0.212159,
0.212258,
0.212355,
0.21245,
0.212542,
0.212633,
0.212722,
0.212808,
0.212892,
0.212974,
0.213054,
0.213132,
0.213208,
0.213282,
0.213354,
0.213424,
0.213493,
0.213559,
0.213625,
0.213688,
0.21375,
0.21381,
0.213869,
0.213927,
0.213983,
0.214038,
0.214092,
0.214144,
0.214195,
0.214245,
0.214294,
0.214342,
0.214389,
0.214435,
0.21448,
0,
0,
0,
0,
0,
0,
0,
0,
0,
0,
0,
0,
0,
0,
0,
0,
0,
0,
0,
0,
0,
0,
0,
0,
0,
0,
0,
0,
0,
0,
0,
0,
0,
0,
0,
0,
0,
0,
0,
0,
0,
0,
0,
0,
0,
0,
0,
0,
0,
0,
0,
0,
0,
0,
0,
0,
0,
0,
0,
0,
0,
0,
0,
0,
0,
0,
0,
0,
0,
0,
0,
0,
0,
0,
0,
0,
0,
0,
0,
0,
0,
0,
0,
0,
0,
0,
0,
0,
0,
0,
0,
0,
0,
0,
0,
0,
0,
0,
0,
0,
0,
0,
0,
0,
0,
0,
0,
0,
0,
0,
0,
0,
0,
0,
0,
0,
0,
0,
0,
0,
0,
0,
0,
0,
0,
0,
0,
0,
0,
0,
0,
0,
0,
0,
0,
0,
0,
0,
0,
0,
0,
0,
0,
0,
0,
0,
0,
0,
0,
0,
0,
0,
0,
0,
0,
0,
0,
0,
0,
0,
0,
0,
0,
0,
0,
0,
0,
0,
0,
0,
0,
0,
0,
0,
0,
0,
0,
0,
0,
0,
0,
0,
0,
0,
0,
0,
0,
0,
0,
0,
0,
0,
0,
0,
0,
0,
0,
0,
0,
0,
0,
0,
0,
0,
0,
0,
0,
0,
0,
0,
0,
0,
0,
0,
0,
0,
0,
0,
0,
0,
0,
0,
0,
0,
0,
0,
0,
0,
0,
0,
0,
0,
0,
0,
0,
0,
0,
0,
0,
0,
0,
0,
0,
0,
0,
0,
0,
0,
0,
0,
0,
0,
0,
0,
0,
0,
0,
0,
0,
0,
0,
0,
0,
0,
0,
0,
0,
0,
0,
0,
0,
0,
0,
0,
0,
0,
0,
0,
0,
0,
0,
0,
0,
0,
0,
0,
0,
0,
0,
0,
0,
0,
0,
0,
0,
0,
0,
0,
0,
0,
0,
0,
0,
0,
0,
0,
0,
0,
0,
0,
0,
0,
0,
0,
0,
0,
0,
0,
0,
0,
0,
0,
0,
0,
0,
0,
0,
0,
0,
0,
0,
0,
0,
0,
0,
0,
0,
0,
0,
0,
0,
0,
0,
0,
0,
0,
0,
0,
0,
0,
0,
0,
0,
0,
0,
0,
0,
0,
0,
0,
0,
0,
0,
0,
0,
0,
0,
0,
0,
0,
0,
0,
0,
0,
0,
0,
0,
0,
0,
0,
0,
0,
0,
0,
0,
0,
0,
0,
0,
0,
0,
0,
0,
0,
0,
0,
0,
0,
0,
0,
0,
0,
0,
0,
0,
0,
0,
0,
0,
0,
0,
0,
0,
0,
0,
0,
0,
0,
0,
0,
0,
0,
0,
0,
0,
0,
0,
0,
0,
0,
0,
0,
0,
0,
0,
0,
0,
0,
0,
0,
0,
0,
0,
0,
0,
0,
0,
0,
0,
0,
0,
0,
0,
0,
0,
0,
0,
0,
0,
0,
0,
0,
0,
0,
0,
0,


Test errors: 
0.232434,
0.232922,
0.232954,
0.232454,
0.232321,
0.232188,
0.231817,
0.231315,
0.230758,
0.230171,
0.229647,
0.229633,
0.231056,
0.233282,
0.234915,
0.235934,
0.236535,
0.236546,
0.235798,
0.235621,
0.235707,
0.235802,
0.235881,
0.235945,
0.235998,
0.236042,
0.23608,
0.236113,
0.236141,
0.236166,
0.236189,
0.236209,
0.236228,
0.236245,
0.236261,
0.236276,
0.23629,
0.236303,
0.236315,
0.236326,
0.236337,
0.236347,
0.236357,
0.236367,
0.236376,
0.236384,
0.236392,
0.2364,
0.236408,
0.236415,
0.236422,
0.236429,
0.236435,
0.236441,
0.236447,
0.236453,
0.236459,
0.236464,
0.23647,
0.236475,
0.23648,
0.220187,
0.226323,
0.223491,
0.222957,
0.222881,
0.223232,
0.223827,
0.224447,
0.224972,
0.225387,
0.225732,
0.226069,
0.226462,
0.226954,
0.227553,
0.228226,
0.22892,
0.229588,
0.2302,
0.230745,
0.231223,
0.231639,
0.232002,
0.232318,
0.232594,
0.232838,
0.233054,
0.233246,
0.233419,
0.233574,
0.233714,
0.233841,
0.233958,
0.234065,
0.234163,
0.234253,
0.234337,
0.234415,
0.234488,
0.234556,
0.23462,
0.23468,
0.234736,
0.234789,
0.234839,
0.234886,
0.234931,
0.234974,
0.235014,
0.235053,
0.23509,
0.235125,
0.235159,
0.235191,
0.217362,
0.212,
0.210423,
0.209933,
0.209866,
0.209869,
0.209873,
0.209871,
0.209865,
0.209856,
0.209845,
0.20983,
0.209811,
0.20979,
0.209764,
0.209733,
0.209698,
0.209657,
0.209612,
0.209561,
0.209508,
0.209452,
0.209395,
0.209338,
0.209282,
0.209229,
0.209178,
0.20913,
0.209085,
0.209044,
0.209007,
0.208972,
0.20894,
0.208912,
0.208885,
0.208861,
0.20884,
0.20882,
0.208802,
0.208785,
0.20877,
0.208756,
0.208743,
0.208731,
0.20872,
0.208709,
0.2087,
0.208691,
0.208683,
0.208675,
0.208668,
0.208661,
0.208655,
0.208649,
0.208643,
0.208638,
0.208633,
0.208628,
0.208623,
0.208619,
0.208615,
0.208611,
0.208607,
0.208604,
0.2086,
0.208597,
0.208594,
0.208591,
0.208588,
0.208585,
0.208583,
0.20858,
0.208578,
0.208576,
0.208573,
0.208571,
0.208569,
0.208567,
0.208565,
0.208564,
0.208562,
0.20856,
0.208559,
0.208557,
0.208556,
0.208554,
0.208553,
0.208551,
0.20855,
0.208549,
0.208547,
0.208546,
0.208545,
0.208544,
0.208543,
0.208542,
0.208541,
0.20854,
0.208539,
0.208538,
0.208537,
0.208536,
0.208535,
0.208535,
0.208534,
0.208533,
0.208532,
0.208532,
0.208531,
0.20853,
0.20853,
0.208529,
0.208529,
0.208528,
0.208527,
0.208527,
0.208526,
0.208526,
0.208525,
0.208525,
0.208524,
0.208524,
0.208524,
0.208523,
0.208523,
0.208522,
0.208522,
0.208522,
0.208521,
0.208521,
0.208521,
0.20852,
0.20852,
0.20852,
0.20852,
0.208519,
0.208519,
0.208519,
0.208519,
0.208519,
0.208518,
0.208518,
0.208518,
0.208518,
0.208518,
0.208518,
0.208517,
0.208517,
0.208517,
0.208517,
0.208517,
0.208517,
0.208517,
0.208517,
0.208517,
0.208517,
0.208517,
0.208517,
0.208517,
0.208516,
0.208516,
0.208516,
0.208516,
0.208516,
0.208516,
0.208516,
0.208517,
0.208517,
0.208517,
0.208517,
0.208517,
0.208517,
0.208517,
0.208517,
0.208517,
0.208517,
0.208517,
0.208517,
0.208517,
0.208517,
0.208518,
0.208518,
0.208518,
0.208518,
0.208518,
0.208518,
0.208518,
0.208518,
0.208519,
0.208519,
0.208519,
0.208519,
0.208519,
0.208519,
0.20852,
0.20852,
0.20852,
0.20852,
0.20852,
0.208521,
0.208521,
0.208521,
0.208521,
0.208521,
0.208522,
0.208522,
0.208522,
0.208522,
0.208523,
0.208523,
0.208523,
0.208523,
0.208524,
0.208524,
0.208524,
0.208524,
0.208525,
0.208525,
0.208525,
0.208525,
0.208526,
0.208526,
0.208526,
0.208527,
0.208527,
0.208527,
0.208527,
0.208528,
0.208528,
0.208528,
0.208529,
0.208529,
0.208529,
0.20853,
0.20853,
0.20853,
0.208531,
0.208531,
0.208531,
0.208532,
0.208532,
0.208532,
0.208533,
0.208533,
0.208533,
0.208534,
0.208534,
0.208535,
0.208535,
0.208535,
0.208536,
0.208536,
0.208536,
0.208537,
0.208537,
0.208538,
0.208538,
0.208538,
0.208539,
0.208539,
0.20854,
0.20854,
0.20854,
0.208541,
0.208541,
0.208542,
0.208542,
0.208542,
0.208543,
0.208543,
0.208544,
0.208544,
0.208544,
0.208545,
0.208545,
0.208546,
0.208546,
0.208547,
0.208547,
0.208548,
0.208548,
0.208548,
0.208549,
0.208549,
0.20855,
0.20855,
0.208551,
0.208551,
0.208552,
0.208552,
0.208553,
0.208553,
0.208554,
0.208554,
0.208554,
0.208555,
0.208555,
0.208556,
0.208556,
0.208557,
0.208557,
0.208558,
0.208558,
0.208559,
0.208559,
0.20856,
0.20856,
0.208561,
0.208561,
0.208562,
0.208562,
0.208563,
0.233045,
0.230183,
0.232387,
0.233853,
0.234886,
0.235646,
0.236224,
0.236678,
0.237044,
0.237344,
0.237595,
0.237809,
0.237993,
0.238154,
0.238295,
0.238421,
0.238533,
0.238635,
0.238726,
0.23881,
0.238887,
0.238957,
0.239022,
0.239083,
0.239139,
0.239191,
0.23924,
0.239286,
0.23933,
0.23937,
0.239409,
0.239445,
0.23948,
0.239513,
0.239544,
0.239574,
0.239602,
0.239629,
0.239655,
0.23968,
0.239704,
0.239727,
0.239749,
0.23977,
0.23979,
0.23981,
0.239829,
0.239847,
0.239865,
0.239882,
0.239898,
0.225944,
0.22314,
0.222927,
0.222858,
0.222835,
0.222836,
0.222856,
0.222893,
0.222946,
0.223015,
0.223097,
0.223191,
0.223295,
0.223405,
0.223522,
0.223641,
0.223763,
0.223886,
0.224008,
0.22413,
0.22425,
0.224368,
0.224484,
0.224598,
0.224709,
0.224817,
0.224924,
0.225027,
0.225128,
0.225226,
0.225322,
0.225415,
0.225506,
0.225594,
0.22568,
0.225764,
0.225846,
0.225926,
0.226003,
0.226079,
0.226153,
0.226225,
0.226295,
0.226364,
0.22643,
0.226496,
0.226559,
0.226622,
0.226682,
0.226742,
0.2268,
0.226856,
0.226912,
0.226966,
0.227019,
0.22238,
0.219789,
0.219647,
0.21973,
0.219816,
0.219886,
0.219943,
0.219989,
0.220026,
0.220057,
0.220083,
0.220105,
0.220125,
0.220142,
0.220158,
0.220172,
0.220185,
0.220196,
0.220207,
0.220217,
0.220227,
0.220235,
0.220244,
0.220252,
0.220259,
0.220266,
0.220273,
0.22028,
0.220286,
0.220292,
0.220298,
0.220303,
0.220309,
0.220314,
0.220319,
0.220324,
0.220328,
0.220333,
0.220337,
0.220341,
0.220346,
0.22035,
0.220353,
0.220357,
0.220361,
0.213921,
0.211599,
0.211118,
0.210998,
0.211249,
0.211721,
0.212226,
0.212655,
0.212991,
0.213266,
0.213536,
0.213857,
0.214268,
0.214778,
0.215358,
0.21596,
0.216543,
0.21708,
0.21756,
0.217981,
0.218349,
0.218669,
0.218948,
0.219194,
0.21941,
0.219601,
0.219772,
0.219925,
0.220062,
0.220187,
0.2203,
0.220404,
0.220499,
0.220586,
0.220667,
0.220742,
0.220811,
0.220876,
0.220936,
0.220993,
0.221046,
0.221096,
0.221144,
0.221188,
0.22123,
0.221271,
0.221309,
0.221345,
0.221379,
0.221412,
0.221443,
0.221473,
0.221502,
0.22153,
0.20234,
0.20128,
0.200976,
0.200924,
0.200913,
0.200908,
0.200903,
0.200897,
0.200892,
0.200887,
0.200881,
0.200875,
0.200868,
0.20086,
0.200851,
0.200841,
0.20083,
0.200818,
0.200805,
0.200791,
0.200776,
0.200761,
0.200746,
0.200731,
0.200717,
0.200704,
0.200691,
0.200679,
0.200668,
0.200658,
0.200648,
0.20064,
0.200632,
0.200625,
0.200618,
0.200613,
0.200607,
0.200602,
0.200598,
0.200593,
0.200589,
0.200586,
0.200583,
0.20058,
0.200577,
0.200574,
0.200572,
0.200569,
0.200567,
0.200565,
0.200563,
0.200561,
0.20056,
0.200558,
0.200557,
0.200555,
0.200554,
0.200553,
0.200551,
0.20055,
0.200549,
0.200548,
0.200547,
0.200546,
0.200545,
0.200544,
0.200543,
0.200543,
0.200542,
0.200541,
0.20054,
0.20054,
0.200539,
0.200538,
0.200538,
0.200537,
0.200537,
0.200536,
0.200536,
0.200535,
0.200535,
0.200534,
0.200534,
0.200533,
0.200533,
0.200533,
0.200532,
0.200532,
0.200531,
0.200531,
0.200531,
0.20053,
0.20053,
0.20053,
0.20053,
0.200529,
0.200529,
0.200529,
0.200528,
0.200528,
0.200528,
0.200528,
0.200527,
0.200527,
0.200527,
0.200527,
0.200527,
0.200526,
0.200526,
0.200526,
0.200526,
0.200526,
0.200526,
0.200526,
0.200525,
0.200525,
0.200525,
0.200525,
0.200525,
0.200525,
0.200525,
0.200524,
0.200524,
0.200524,
0.200524,
0.200524,
0.200524,
0.200524,
0.200524,
0.200524,
0.200524,
0.200524,
0.200524,
0.200524,
0.200523,
0.200523,
0.200523,
0.200523,
0.200523,
0.200523,
0.200523,
0.200523,
0.200523,
0.200523,
0.200523,
0.200523,
0.200523,
0.200523,
0.200523,
0.200523,
0.200523,
0.200523,
0.200523,
0.200523,
0.200523,
0.200523,
0.200523,
0.200523,
0.200523,
0.200523,
0.200523,
0.200523,
0.200523,
0.200523,
0.200523,
0.200523,
0.200523,
0.200523,
0.200523,
0.200523,
0.200523,
0.200523,
0.200523,
0.200523,
0.200524,
0.200524,
0.200524,
0.200524,
0.200524,
0.200524,
0.200524,
0.200524,
0.200524,
0.200524,
0.200524,
0.200524,
0.200524,
0.200524,
0.200524,
0.200524,
0.200525,
0.200525,
0.200525,
0.200525,
0.200525,
0.200525,
0.200525,
0.200525,
0.200525,
0.200525,
0.200525,
0.200525,
0.200525,
0.200526,
0.200526,
0.200526,
0.200526,
0.200526,
0.200526,
0.200526,
0.200526,
0.200526,
0.200526,
0.200527,
0.200527,
0.200527,
0.200527,
0.200527,
0.200527,
0.200527,
0.200527,
0.200527,
0.200528,
0.200528,
0.200528,
0.200528,
0.200528,
0.200528,
0.200528,
0.200528,
0.200529,
0.200529,
0.200529,
0.200529,
0.200529,
0.200529,
0.200529,
0.200529,
0.20053,
0.20053,
0.20053,
0.20053,
0.20053,
0.20053,
0.20053,
0.200531,
0.200531,
0.200531,
0.200531,
0.200531,
0.200531,
0.200531,
0.200532,
0.200532,
0.200532,
0.200532,
0.200532,
0.200532,
0.200532,
0.200533,
0.200533,
0.200533,
0.200533,
0.200533,
0.200533,
0.200534,
0.200534,
0.200534,
0.200534,
0.200534,
0.200534,
0.200535,
0.200535,
0.200535,
0.200535,
0.200535,
0.200535,
0.200536,
0.200536,
0.200536,
0.200536,
0.200536,
0.200536,
0.200537,
0.200537,
0.200537,
0.200537,
0.200537,
0.200538,
0.200538,
0.200538,
0.200538,
0.200538,
0.200538,
0.200539,
0.200539,
0.200539,
0.200539,
0.200539,
0.20054,
0.20054,
0.20054,
0.20054,
0.20054,
0.20054,
0.200541,
0.200541,
0.200541,
0.200541,
0.200541,
0.200542,
0.200542,
0.217123,
0.219066,
0.220367,
0.221287,
0.221965,
0.222483,
0.222889,
0.223217,
0.223486,
0.223712,
0.223904,
0.224069,
0.224214,
0.224341,
0.224454,
0.224555,
0.224646,
0.224729,
0.224804,
0.224873,
0.224936,
0.224995,
0.225049,
0.2251,
0.225147,
0.225191,
0.225233,
0.225272,
0.225308,
0.225343,
0.225376,
0.225407,
0.225437,
0.225465,
0.225492,
0.225517,
0.225542,
0.225565,
0.225588,
0.225609,
0.22563,
0.22565,
0.225669,
0.225687,
0.225705,
0.225722,
0.225738,
0.225754,
0.22577,
0.225784,
0.225799,
0.211115,
0.210935,
0.210877,
0.210857,
0.210858,
