FINAL REPORT
************
Train error (Mean +- SD): 0.281793 +- 6.27488e-06
Test error (Mean +- SD): 0.301902 +- 0.000177191
Train CCR (Mean +- SD): 0.722222 +- 0
Test CCR (Mean +- SD): 0.706897 +- 0
CONVERGENCE DATA
****************


Iterations: 
1,
2,
3,
4,
5,
6,
7,
8,
9,
10,
11,
12,
13,
14,
15,
16,
17,
18,
19,
20,
21,
22,
23,
24,
25,
26,
27,
28,
29,
30,
31,
32,
33,
34,
35,
36,
37,
38,
39,
40,
41,
42,
43,
44,
45,
46,
47,
48,
49,
50,
51,
52,
53,
54,
55,
56,
57,
58,
59,
60,
61,
62,
63,
64,
65,
66,
67,
68,
69,
70,
71,
72,
73,
74,
75,
76,
77,
78,
79,
80,
81,
82,
83,
84,
85,
86,
87,
88,
89,
90,
91,
92,
93,
94,
95,
96,
97,
98,
99,
100,
101,
102,
103,
104,
105,
106,
107,
108,
109,
110,
111,
112,
113,
114,
115,
116,
117,
118,
119,
120,
121,
122,
123,
124,
125,
126,
127,
128,
129,
130,
131,
132,
133,
134,
135,
136,
137,
138,
139,
140,
141,
142,
143,
144,
145,
146,
147,
148,
149,
150,
151,
152,
153,
154,
155,
156,
157,
158,
159,
160,
161,
162,
163,
164,
165,
166,
167,
168,
169,
170,
171,
172,
173,
174,
175,
176,
177,
178,
179,
180,
181,
182,
183,
184,
185,
186,
187,
188,
189,
190,
191,
192,
193,
194,
195,
196,
197,
198,
199,
200,
201,
202,
203,
204,
205,
206,
207,
208,
209,
210,
211,
212,
213,
214,
215,
216,
217,
218,
219,
220,
221,
222,
223,
224,
225,
226,
227,
228,
229,
230,
231,
232,
233,
234,
235,
236,
237,
238,
239,
240,
241,
242,
243,
244,
245,
246,
247,
248,
249,
250,
251,
252,
253,
254,
255,
256,
257,
258,
259,
260,
261,
262,
263,
264,
265,
266,
267,
268,
269,
270,
271,
272,
273,
274,
275,
276,
277,
278,
279,
280,
281,
282,
283,
284,
285,
286,
287,
288,
289,
290,
291,
292,
293,
294,
295,
296,
297,
298,
299,
300,
301,
302,
303,
304,
305,
306,
307,
308,
309,
310,
311,
312,
313,
314,
315,
316,
317,
318,
319,
320,
321,
322,
323,
324,
325,
326,
327,
328,
329,
330,
331,
332,
333,
334,
335,
336,
337,
338,
339,
340,
341,
342,
343,
344,
345,
346,
347,
348,
349,
350,
351,
352,
353,
354,
355,
356,
357,
358,
359,
360,
361,
362,
363,
364,
365,
366,
367,
368,
369,
370,
371,
372,
373,
374,
375,
376,
377,
378,
379,
380,
381,
382,
383,
384,
385,
386,
387,
388,
389,
390,
391,
392,
393,
394,
395,
396,
397,
398,
399,
400,
401,
402,
403,
404,
405,
406,
407,
408,
409,
410,
411,
412,
413,
414,
415,
416,
417,
418,
419,
420,
421,
422,
423,
424,
425,
426,
427,
428,
429,
430,
431,
432,
433,
434,
435,
436,
437,
438,
439,
440,
441,
442,
443,
444,
445,
446,
447,
448,
449,
450,
451,
452,
453,
454,
455,
456,
457,
458,
459,
460,
461,
462,
463,
464,
465,
466,
467,
468,
469,
470,
471,
472,
473,
474,
475,
476,
477,
478,
479,
480,
481,
482,
483,
484,
485,
486,
487,
488,
489,
490,
491,
492,
493,
494,
495,
496,
497,
498,
499,
500,
501,
502,
503,
504,
505,
506,
507,
508,
509,
510,
511,
512,
513,
514,
515,
516,
517,
518,
519,
520,
521,
522,
523,
524,
525,
526,
527,
528,
529,
530,
531,
532,
533,
534,
535,
536,
537,
538,
539,
540,
541,
542,
543,
544,
545,
546,
547,
548,
549,
550,
551,
552,
553,
554,
555,
556,
557,
558,
559,
560,
561,
562,
563,
564,
565,
566,
567,
568,
569,
570,
571,
572,
573,
574,
575,
576,
577,
578,
579,
580,
581,
582,
583,
584,
585,
586,
587,
588,
589,
590,
591,
592,
593,
594,
595,
596,
597,
598,
599,
600,
601,
602,
603,
604,
605,
606,
607,
608,
609,
610,
611,
612,
613,
614,
615,
616,
617,
618,
619,
620,
621,
622,
623,
624,
625,
626,
627,
628,
629,
630,
631,
632,
633,
634,
635,
636,
637,
638,
639,
640,
641,
642,
643,
644,
645,
646,
647,
648,
649,
650,
651,
652,
653,
654,
655,
656,
657,
658,
659,
660,
661,
662,
663,
664,
665,
666,
667,
668,
669,
670,
671,
672,
673,
674,
675,
676,
677,
678,
679,
680,
681,
682,
683,
684,
685,
686,
687,
688,
689,
690,
691,
692,
693,
694,
695,
696,
697,
698,
699,
700,
701,
702,
703,
704,
705,
706,
707,
708,
709,
710,
711,
712,
713,
714,
715,
716,
717,
718,
719,
720,
721,
722,
723,
724,
725,
726,
727,
728,
729,
730,
731,
732,
733,
734,
735,
736,
737,
738,
739,
740,
741,
742,
743,
744,
745,
746,
747,
748,
749,
750,
751,
752,
753,
754,
755,
756,
757,
758,
759,
760,
761,
762,
763,
764,
765,
766,
767,
768,
769,
770,
771,
772,
773,
774,
775,
776,
777,
778,
779,
780,
781,
782,
783,
784,
785,
786,
787,
788,
789,
790,
791,
792,
793,
794,
795,
796,
797,
798,
799,
800,
801,
802,
803,
804,
805,
806,
807,
808,
809,
810,
811,
812,
813,
814,
815,
816,
817,
818,
819,
820,
821,
822,
823,
824,
825,
826,
827,
828,
829,
830,
831,
832,
833,
834,
835,
836,
837,
838,
839,
840,
841,
842,
843,
844,
845,
846,
847,
848,
849,
850,
851,
852,
853,
854,
855,
856,
857,
858,
859,
860,
861,
862,
863,
864,
865,
866,
867,
868,
869,
870,
871,
872,
873,
874,
875,
876,
877,
878,
879,
880,
881,
882,
883,
884,
885,
886,
887,
888,
889,
890,
891,
892,
893,
894,
895,
896,
897,
898,
899,
900,
901,
902,
903,
904,
905,
906,
907,
908,
909,
910,
911,
912,
913,
914,
915,
916,
917,
918,
919,
920,
921,
922,
923,
924,
925,
926,
927,
928,
929,
930,
931,
932,
933,
934,
935,
936,
937,
938,
939,
940,
941,
942,
943,
944,
945,
946,
947,
948,
949,
950,
951,
952,
953,
954,
955,
956,
957,
958,
959,
960,
961,
962,
963,
964,
965,
966,
967,
968,
969,
970,
971,
972,
973,
974,
975,
976,
977,
978,
979,
980,
981,
982,
983,
984,
985,
986,
987,
988,
989,
990,
991,
992,
993,
994,
995,
996,
997,
998,
999,
1000,


Train errors: 
0.293817,
0.307138,
0.293338,
0.30503,
0.293042,
0.305104,
0.292679,
0.302809,
0.291989,
0.301596,
0.292053,
0.29949,
0.291421,
0.299691,
0.291667,
0.29847,
0.291198,
0.298502,
0.291455,
0.297274,
0.290997,
0.297155,
0.291259,
0.29591,
0.290821,
0.295655,
0.291085,
0.294417,
0.290483,
0.294589,
0.291444,
0.292747,
0.291123,
0.292009,
0.291288,
0.290917,
0.290941,
0.29048,
0.290909,
0.289862,
0.290556,
0.289601,
0.290426,
0.289253,
0.290094,
0.289083,
0.289933,
0.288883,
0.289655,
0.288781,
0.289533,
0.288715,
0.289337,
0.288621,
0.289186,
0.288506,
0.288985,
0.288416,
0.288843,
0.288308,
0.28866,
0.288215,
0.288519,
0.288108,
0.288362,
0.28801,
0.288211,
0.287906,
0.288078,
0.287783,
0.287898,
0.287669,
0.28775,
0.287447,
0.287529,
0.287364,
0.287452,
0.287128,
0.287273,
0.2871,
0.287214,
0.286841,
0.286992,
0.286903,
0.286994,
0.286631,
0.286744,
0.286733,
0.286795,
0.286462,
0.286554,
0.286553,
0.286619,
0.286285,
0.286372,
0.286402,
0.286455,
0.286141,
0.286208,
0.286265,
0.286305,
0.286011,
0.286055,
0.28615,
0.286166,
0.285903,
0.285912,
0.286055,
0.286036,
0.285812,
0.285774,
0.285976,
0.285909,
0.285738,
0.285639,
0.285909,
0.285783,
0.28568,
0.285512,
0.285852,
0.285663,
0.285634,
0.285393,
0.285811,
0.285546,
0.285604,
0.285277,
0.285786,
0.285432,
0.285594,
0.28517,
0.285773,
0.285325,
0.285594,
0.285068,
0.285773,
0.285221,
0.285605,
0.28497,
0.285784,
0.28512,
0.28563,
0.28488,
0.285799,
0.285028,
0.285652,
0.284794,
0.285819,
0.284936,
0.285681,
0.284715,
0.285835,
0.284855,
0.285701,
0.284644,
0.285843,
0.284778,
0.285712,
0.284579,
0.285838,
0.28471,
0.285706,
0.284524,
0.285814,
0.284651,
0.285676,
0.284476,
0.285767,
0.284599,
0.285624,
0.284439,
0.28569,
0.284559,
0.285534,
0.284406,
0.285588,
0.284522,
0.285424,
0.284385,
0.285451,
0.284498,
0.285269,
0.284359,
0.285295,
0.284468,
0.28511,
0.284346,
0.285106,
0.284452,
0.284904,
0.284318,
0.284914,
0.284417,
0.284714,
0.284296,
0.284701,
0.284391,
0.284492,
0.284256,
0.284497,
0.284342,
0.284291,
0.284207,
0.284297,
0.284286,
0.284095,
0.284148,
0.284106,
0.284218,
0.28391,
0.284071,
0.283938,
0.284134,
0.28375,
0.283985,
0.283787,
0.284042,
0.283608,
0.283892,
0.283653,
0.283943,
0.283484,
0.283791,
0.283542,
0.283838,
0.283381,
0.283688,
0.283446,
0.283733,
0.283293,
0.283586,
0.283364,
0.28363,
0.283217,
0.283486,
0.283294,
0.283532,
0.283153,
0.283392,
0.283233,
0.283439,
0.283097,
0.283304,
0.283179,
0.283354,
0.283047,
0.283223,
0.28313,
0.283276,
0.283001,
0.283149,
0.283085,
0.283204,
0.28296,
0.283081,
0.283042,
0.283139,
0.282921,
0.28302,
0.283002,
0.28308,
0.282885,
0.282965,
0.282964,
0.283025,
0.28285,
0.282914,
0.282927,
0.282975,
0.282817,
0.282868,
0.282891,
0.282928,
0.282785,
0.282825,
0.282857,
0.282885,
0.282754,
0.282785,
0.282823,
0.282844,
0.282724,
0.282748,
0.28279,
0.282805,
0.282696,
0.282714,
0.282757,
0.282768,
0.282668,
0.282681,
0.282726,
0.282733,
0.28264,
0.282649,
0.282694,
0.282699,
0.282613,
0.282619,
0.282664,
0.282666,
0.282587,
0.282591,
0.282634,
0.282635,
0.282561,
0.282563,
0.282605,
0.282604,
0.282536,
0.282537,
0.282576,
0.282574,
0.282511,
0.282511,
0.282548,
0.282545,
0.282487,
0.282486,
0.28252,
0.282517,
0.282463,
0.282462,
0.282493,
0.28249,
0.28244,
0.282438,
0.282466,
0.282463,
0.282417,
0.282415,
0.28244,
0.282437,
0.282395,
0.282393,
0.282414,
0.282412,
0.282373,
0.282372,
0.282389,
0.282387,
0.282352,
0.282351,
0.282365,
0.282362,
0.282331,
0.28233,
0.282341,
0.282338,
0.282311,
0.28231,
0.282317,
0.282315,
0.282291,
0.28229,
0.282295,
0.282292,
0.282272,
0.282271,
0.282272,
0.28227,
0.282253,
0.282253,
0.28225,
0.282248,
0.282235,
0.282235,
0.282229,
0.282227,
0.282218,
0.282217,
0.282208,
0.282206,
0.282201,
0.2822,
0.282188,
0.282186,
0.282184,
0.282183,
0.282168,
0.282166,
0.282168,
0.282167,
0.282148,
0.282146,
0.282152,
0.282151,
0.282129,
0.282127,
0.282136,
0.282135,
0.282111,
0.282108,
0.282121,
0.28212,
0.282092,
0.28209,
0.282106,
0.282105,
0.282074,
0.282072,
0.282092,
0.282091,
0.282057,
0.282054,
0.282078,
0.282077,
0.28204,
0.282037,
0.282065,
0.282063,
0.282023,
0.28202,
0.282051,
0.28205,
0.282007,
0.282004,
0.282039,
0.282036,
0.281991,
0.281988,
0.282026,
0.282024,
0.281975,
0.281972,
0.282014,
0.282011,
0.28196,
0.281956,
0.282002,
0.281999,
0.281945,
0.281941,
0.28199,
0.281987,
0.28193,
0.281926,
0.281978,
0.281976,
0.281916,
0.281912,
0.281967,
0.281964,
0.281902,
0.281898,
0.281957,
0.281954,
0.281888,
0.281884,
0.281946,
0.281944,
0.281876,
0.281873,
0.281941,
0.281946,
0.281899,
0.281907,
0.281976,
0.281973,
0.2819,
0.281895,
0.281966,
0.281963,
0.281887,
0.281882,
0.281956,
0.281953,
0.281874,
0.281869,
0.281946,
0.281943,
0.281862,
0.281856,
0.281936,
0.281933,
0.28185,
0.281844,
0.281926,
0.281923,
0.281838,
0.281832,
0.281917,
0.281913,
0.281826,
0.28182,
0.281907,
0.281904,
0.281815,
0.281808,
0.281898,
0.281895,
0.281803,
0.281797,
0.281889,
0.281886,
0.281792,
0.281785,
0.281879,
0.281877,
0.281781,
0.281774,
0.28187,
0.281869,
0.28177,
0.281763,
0.281861,
0.28186,
0.28176,
0.281753,
0.281852,
0.281852,
0.28175,
0.281742,
0.281843,
0.281844,
0.281739,
0.281732,
0.281834,
0.281836,
0.281729,
0.281722,
0.281825,
0.281828,
0.28172,
0.281712,
0.281816,
0.281821,
0.28171,
0.281702,
0.281807,
0.281813,
0.281701,
0.281693,
0.281798,
0.281806,
0.281691,
0.281683,
0.281788,
0.2818,
0.281682,
0.281674,
0.281778,
0.281793,
0.281673,
0.281665,
0.281769,
0.281787,
0.281665,
0.281657,
0.281759,
0.281781,
0.281656,
0.281648,
0.281748,
0.281775,
0.281648,
0.28164,
0.281738,
0.281769,
0.28164,
0.281632,
0.281728,
0.281764,
0.281632,
0.281625,
0.281717,
0.281759,
0.281624,
0.281617,
0.281707,
0.281753,
0.281616,
0.28161,
0.281697,
0.281748,
0.281609,
0.281603,
0.281687,
0.281743,
0.281601,
0.281596,
0.281678,
0.281737,
0.281593,
0.281589,
0.281669,
0.281732,
0.281585,
0.281582,
0.281661,
0.281727,
0.281577,
0.281575,
0.281654,
0.281721,
0.281569,
0.281568,
0.281647,
0.281716,
0.281561,
0.281562,
0.281641,
0.281711,
0.281554,
0.281555,
0.281636,
0.281706,
0.281546,
0.281549,
0.281632,
0.281702,
0.28154,
0.281545,
0.281634,
0.281713,
0.281594,
0.281622,
0.281714,
0.281781,
0.281613,
0.28162,
0.281712,
0.281776,
0.281606,
0.281614,
0.281709,
0.28177,
0.281599,
0.281607,
0.281704,
0.281764,
0.281592,
0.2816,
0.281699,
0.281758,
0.281586,
0.281594,
0.281694,
0.281751,
0.281579,
0.281587,
0.281689,
0.281745,
0.281573,
0.28158,
0.281684,
0.281738,
0.281567,
0.281574,
0.281679,
0.281732,
0.28156,
0.281568,
0.281674,
0.281726,
0.281554,
0.281562,
0.281669,
0.28172,
0.281548,
0.281555,
0.281665,
0.281714,
0.281542,
0.28155,
0.281661,
0.281708,
0.281537,
0.281544,
0.281657,
0.281702,
0.281532,
0.28154,
0.281657,
0.281708,
0.281561,
0.281577,
0.281695,
0.281736,
0.281566,
0.281573,
0.281692,
0.281731,
0.281561,
0.281568,
0.281689,
0.281726,
0.281557,
0.281564,
0.281686,
0.281722,
0.281556,
0.281564,
0.281692,
0.281735,
0.281586,
0.281621,
0.281791,
0.281834,
0.28167,
0.281674,
0.281805,
0.281831,
0.281666,
0.281669,
0.281801,
0.281826,
0.281662,
0.281663,
0.281795,
0.28182,
0.281658,
0.281657,
0.281786,
0.281814,
0.281654,
0.281652,
0.281777,
0.281807,
0.281651,
0.281646,
0.281767,
0.281801,
0.323914,
0.399056,
0.329967,
0.326389,
0.319617,
0.31999,
0.32273,
0.308439,
0.313845,
0.306591,
0.312444,
0.304167,
0.306363,
0.302372,
0.305041,
0.301503,
0.301357,
0.299687,
0.300065,
0.29887,
0.297734,
0.297183,
0.296709,
0.296508,
0.295345,
0.295167,
0.294556,
0.294593,
0.293719,
0.293558,
0.293061,
0.293056,
0.292482,
0.292263,
0.291907,
0.291814,
0.291437,
0.291146,
0.290711,
0.290076,
0.289733,
0.288206,
0.288654,
0.288252,
0.287739,
0.287818,
0.286715,
0.287457,
0.286792,
0.287257,
0.289848,
0.287069,
0.288837,
0.287001,
0.290366,
0.286759,
0.288253,
0.289495,
0.287971,
0.286986,
0.288004,
0.290123,
0.287605,
0.290334,
0.285702,
0.296089,
0.286372,
0.294784,
0.288046,
0.296335,
0.288583,
0.288655,
0.287911,
0.29303,
0.287692,
0.29121,
0.28742,
0.290722,
0.287616,
0.289445,
0.287343,
0.289061,
0.287501,
0.288146,
0.287226,
0.287861,
0.287311,
0.287225,
0.28704,
0.287019,
0.28706,
0.286586,
0.286799,
0.286436,
0.286773,
0.286145,
0.286528,
0.28603,
0.286476,
0.285834,
0.286252,
0.28574,
0.286188,
0.285603,
0.285987,
0.285521,
0.285919,
0.285422,
0.285742,
0.285347,
0.285676,
0.28527,
0.28552,
0.285199,
0.285458,
0.285136,
0.285321,
0.285067,
0.285263,
0.285013,
0.285143,
0.284945,
0.285088,
0.284892,
0.284969,
0.284779,
0.284856,
0.284706,
0.284762,
0.284645,
0.284718,
0.284605,
0.284635,
0.284545,
0.284594,
0.284508,
0.28452,
0.284451,
0.284481,
0.284415,
0.284414,
0.284361,
0.284377,
0.284327,
0.284316,
0.284275,
0.284282,
0.284243,
0.284226,
0.284193,
0.284194,
0.284163,
0.284142,
0.284116,
0.284111,
0.284087,
0.284063,
0.284042,
0.284035,
0.284015,
0.28399,
0.283972,
0.283963,
0.283947,
0.283921,
0.283906,
0.283895,
0.283881,
0.283856,
0.283842,
0.283832,
0.283819,
0.283795,
0.283782,
0.283773,
0.28376,
0.283737,
0.283725,
0.283717,
0.283704,
0.283684,
0.28367,
0.283665,
0.283651,
0.283633,
0.283618,
0.283616,
0.2836,
0.283586,
0.283568,
0.283571,
0.283551,
0.283542,
0.283521,
0.283528,
0.283504,
0.283501,
0.283475,
0.283489,
0.283459,
0.283464,
0.283431,
0.283454,
0.283416,
0.283429,
0.283389,
0.283422,
0.283374,
0.283399,
0.283348,
0.283393,
0.283334,
0.283372,
0.283309,
0.283369,
0.283295,
0.283348,
0.28327,
0.283348,
0.283256,
0.283329,
0.283233,
0.283331,
0.283219,
0.283314,
0.283196,
0.283319,
0.283182,
0.283304,
0.28316,
0.283312,
0.283147,
0.283299,
0.283125,
0.28331,
0.283112,
0.283298,
0.283092,
0.283313,
0.283078,
0.283303,
0.283059,
0.283321,
0.283046,
0.283313,
0.283029,
0.283335,
0.283016,
0.283329,
0.283003,
0.283354,
0.28299,
0.283349,
0.28298,
0.283378,
0.282968,
0.283374,
0.282964,
0.283406,
0.282953,
0.283402,
0.282956,
0.283437,
0.282947,
0.283432,
0.282958,
0.28347,
0.282952,
0.283463,
0.282976,
0.283503,
0.282974,
0.283492,
0.283011,
0.283534,
0.283014,
0.283517,


Test errors: 
0.301194,
0.322214,
0.302228,
0.307233,
0.302364,
0.320054,
0.300743,
0.303204,
0.29793,
0.312514,
0.29972,
0.300477,
0.296745,
0.310962,
0.298973,
0.299166,
0.295896,
0.309267,
0.298573,
0.297683,
0.294966,
0.307225,
0.298128,
0.296065,
0.293772,
0.304809,
0.297527,
0.294103,
0.292183,
0.303507,
0.298624,
0.294818,
0.294113,
0.299601,
0.29843,
0.293739,
0.293629,
0.296993,
0.297748,
0.293156,
0.293051,
0.295178,
0.296813,
0.292779,
0.292424,
0.293838,
0.295769,
0.292415,
0.291748,
0.292735,
0.294714,
0.292124,
0.291365,
0.292167,
0.294072,
0.292018,
0.291082,
0.291706,
0.293483,
0.29187,
0.290813,
0.291285,
0.292921,
0.291662,
0.290541,
0.290885,
0.292388,
0.291406,
0.290262,
0.290494,
0.291881,
0.2911,
0.28993,
0.289973,
0.291066,
0.290314,
0.289275,
0.289422,
0.290616,
0.29003,
0.288957,
0.288981,
0.290066,
0.289616,
0.288716,
0.28873,
0.289596,
0.289147,
0.288425,
0.28852,
0.289218,
0.288718,
0.288129,
0.288315,
0.288859,
0.288301,
0.287851,
0.288147,
0.28853,
0.287903,
0.287581,
0.288005,
0.288225,
0.287523,
0.287325,
0.287894,
0.287943,
0.287161,
0.287081,
0.287814,
0.287684,
0.286818,
0.286847,
0.287766,
0.287449,
0.286494,
0.286619,
0.287746,
0.287236,
0.286195,
0.286398,
0.287751,
0.28704,
0.285918,
0.286186,
0.287782,
0.286859,
0.28566,
0.285983,
0.287835,
0.286695,
0.285428,
0.285786,
0.287905,
0.286544,
0.285217,
0.285597,
0.28799,
0.286406,
0.285025,
0.285413,
0.288085,
0.286287,
0.284856,
0.285234,
0.288178,
0.28618,
0.284701,
0.285061,
0.288269,
0.286092,
0.284563,
0.284891,
0.288343,
0.28602,
0.284437,
0.284725,
0.288394,
0.285966,
0.284319,
0.284563,
0.288413,
0.285933,
0.284209,
0.284404,
0.288389,
0.285915,
0.284098,
0.284253,
0.288322,
0.285917,
0.283993,
0.284105,
0.288196,
0.285927,
0.283881,
0.283968,
0.288025,
0.285955,
0.283777,
0.283835,
0.287786,
0.285974,
0.283665,
0.283719,
0.287519,
0.286007,
0.283568,
0.283601,
0.287183,
0.28601,
0.283466,
0.283506,
0.286847,
0.286016,
0.283387,
0.283404,
0.286461,
0.285983,
0.283314,
0.283322,
0.28609,
0.285928,
0.283259,
0.283241,
0.285717,
0.285847,
0.283225,
0.283164,
0.285354,
0.28573,
0.283201,
0.283098,
0.285023,
0.285589,
0.283193,
0.283036,
0.284717,
0.285428,
0.283197,
0.282981,
0.284441,
0.285245,
0.283204,
0.282935,
0.2842,
0.285053,
0.283215,
0.282896,
0.28399,
0.284856,
0.283224,
0.282866,
0.28381,
0.284659,
0.283228,
0.282843,
0.283657,
0.284467,
0.283226,
0.282826,
0.283528,
0.284284,
0.283216,
0.282815,
0.28342,
0.284112,
0.283199,
0.282807,
0.28333,
0.283953,
0.283175,
0.282802,
0.283255,
0.283808,
0.283144,
0.282797,
0.283193,
0.283677,
0.283108,
0.282792,
0.283141,
0.283559,
0.283068,
0.282785,
0.283097,
0.283454,
0.283025,
0.282777,
0.283059,
0.283361,
0.282981,
0.282765,
0.283026,
0.283279,
0.282936,
0.282752,
0.282997,
0.283206,
0.282891,
0.282735,
0.282971,
0.283142,
0.282847,
0.282717,
0.282945,
0.283084,
0.282805,
0.282696,
0.282921,
0.283033,
0.282764,
0.282673,
0.282897,
0.282987,
0.282725,
0.28265,
0.282874,
0.282946,
0.282688,
0.282625,
0.28285,
0.282908,
0.282653,
0.2826,
0.282825,
0.282873,
0.282621,
0.282575,
0.282801,
0.282841,
0.28259,
0.282549,
0.282776,
0.282811,
0.282562,
0.282524,
0.282751,
0.282782,
0.282535,
0.2825,
0.282726,
0.282755,
0.28251,
0.282476,
0.282701,
0.282729,
0.282486,
0.282453,
0.282676,
0.282704,
0.282464,
0.28243,
0.282651,
0.28268,
0.282443,
0.282409,
0.282626,
0.282657,
0.282424,
0.282389,
0.282602,
0.282634,
0.282406,
0.282369,
0.282578,
0.282612,
0.282389,
0.282351,
0.282554,
0.28259,
0.282372,
0.282333,
0.282532,
0.282569,
0.282357,
0.282316,
0.282509,
0.282549,
0.282342,
0.2823,
0.282488,
0.282529,
0.282329,
0.282285,
0.282467,
0.282509,
0.282316,
0.282271,
0.282447,
0.282491,
0.282304,
0.282257,
0.282427,
0.282472,
0.282292,
0.282245,
0.282408,
0.282454,
0.282281,
0.282233,
0.28239,
0.282437,
0.282271,
0.282221,
0.282373,
0.28242,
0.282261,
0.282211,
0.282356,
0.282404,
0.282252,
0.282201,
0.28234,
0.282389,
0.282243,
0.282192,
0.282324,
0.282373,
0.282235,
0.282183,
0.282309,
0.282359,
0.282227,
0.282175,
0.282295,
0.282345,
0.28222,
0.282167,
0.282281,
0.282331,
0.282214,
0.28216,
0.282268,
0.282318,
0.282208,
0.282154,
0.282255,
0.282306,
0.282202,
0.282148,
0.282243,
0.282294,
0.282197,
0.282143,
0.282231,
0.282283,
0.282193,
0.282138,
0.282221,
0.282272,
0.282189,
0.282134,
0.28221,
0.282262,
0.282186,
0.282131,
0.282201,
0.282252,
0.282184,
0.282128,
0.282192,
0.282244,
0.282182,
0.282127,
0.282184,
0.282236,
0.282181,
0.282126,
0.282178,
0.28223,
0.282182,
0.282127,
0.282173,
0.282225,
0.282185,
0.282133,
0.282174,
0.282222,
0.282183,
0.282127,
0.282161,
0.28221,
0.282178,
0.282121,
0.282149,
0.282198,
0.282174,
0.282116,
0.282137,
0.282187,
0.282169,
0.282111,
0.282125,
0.282176,
0.282165,
0.282107,
0.282114,
0.282165,
0.282162,
0.282103,
0.282103,
0.282154,
0.282158,
0.2821,
0.282093,
0.282144,
0.282155,
0.282096,
0.282083,
0.282134,
0.282153,
0.282094,
0.282074,
0.282124,
0.28215,
0.282091,
0.282064,
0.282114,
0.282148,
0.282089,
0.282055,
0.282105,
0.282145,
0.282088,
0.282046,
0.282096,
0.282143,
0.282086,
0.282038,
0.282088,
0.282142,
0.282085,
0.28203,
0.282079,
0.28214,
0.282084,
0.282021,
0.282071,
0.282139,
0.282084,
0.282014,
0.282063,
0.282137,
0.282084,
0.282006,
0.282055,
0.282136,
0.282084,
0.281998,
0.282047,
0.282135,
0.282085,
0.281991,
0.28204,
0.282134,
0.282086,
0.281983,
0.282032,
0.282133,
0.282088,
0.281976,
0.282025,
0.282133,
0.28209,
0.281968,
0.282017,
0.282132,
0.282092,
0.281961,
0.28201,
0.282131,
0.282095,
0.281954,
0.282003,
0.28213,
0.282099,
0.281946,
0.281995,
0.28213,
0.282103,
0.281939,
0.281988,
0.282129,
0.282108,
0.281932,
0.28198,
0.282128,
0.282113,
0.281926,
0.281972,
0.282126,
0.282119,
0.28192,
0.281965,
0.282124,
0.282124,
0.281915,
0.281957,
0.282122,
0.282131,
0.281912,
0.28195,
0.282119,
0.282137,
0.281909,
0.281942,
0.282116,
0.282143,
0.281907,
0.281936,
0.282113,
0.282148,
0.281906,
0.281929,
0.282109,
0.282154,
0.281907,
0.281923,
0.282105,
0.282159,
0.281908,
0.281918,
0.282101,
0.282163,
0.281909,
0.281913,
0.282097,
0.282167,
0.281911,
0.281909,
0.282093,
0.28217,
0.281914,
0.281906,
0.282092,
0.282183,
0.281932,
0.281912,
0.282093,
0.282182,
0.281929,
0.281906,
0.282089,
0.28218,
0.281925,
0.2819,
0.282086,
0.282177,
0.281919,
0.281894,
0.282084,
0.282174,
0.281913,
0.281887,
0.282082,
0.282171,
0.281907,
0.281881,
0.282081,
0.282169,
0.2819,
0.281875,
0.28208,
0.282166,
0.281893,
0.281869,
0.28208,
0.282164,
0.281887,
0.281864,
0.282079,
0.282162,
0.281881,
0.281858,
0.282079,
0.28216,
0.281875,
0.281853,
0.282079,
0.282158,
0.281869,
0.281847,
0.282079,
0.282156,
0.281863,
0.281842,
0.282079,
0.282154,
0.281858,
0.281837,
0.282079,
0.282152,
0.281854,
0.281833,
0.282082,
0.282157,
0.281856,
0.281832,
0.282083,
0.282153,
0.281848,
0.281826,
0.282083,
0.282149,
0.28184,
0.28182,
0.282083,
0.282145,
0.281831,
0.281813,
0.282084,
0.282142,
0.281823,
0.281807,
0.282088,
0.282144,
0.281821,
0.28181,
0.282105,
0.282145,
0.281807,
0.281795,
0.282098,
0.282131,
0.281786,
0.281779,
0.282094,
0.282119,
0.281761,
0.281763,
0.282091,
0.282108,
0.281735,
0.281745,
0.28209,
0.2821,
0.28171,
0.281728,
0.282089,
0.282093,
0.281685,
0.283682,
0.34222,
0.428234,
0.355075,
0.344036,
0.33403,
0.342297,
0.344903,
0.324156,
0.327325,
0.324636,
0.332459,
0.320123,
0.319452,
0.316998,
0.321994,
0.316971,
0.314113,
0.312993,
0.315098,
0.313121,
0.30961,
0.308612,
0.309396,
0.309094,
0.30625,
0.305347,
0.305538,
0.30581,
0.303811,
0.302813,
0.302687,
0.302988,
0.301663,
0.300606,
0.300331,
0.300529,
0.299666,
0.298612,
0.297502,
0.296589,
0.296193,
0.295489,
0.293244,
0.292264,
0.291928,
0.293458,
0.293112,
0.290906,
0.291851,
0.289154,
0.294568,
0.287849,
0.290183,
0.289816,
0.295926,
0.288325,
0.28929,
0.292221,
0.292503,
0.289227,
0.287582,
0.293854,
0.290729,
0.288237,
0.284979,
0.301468,
0.290053,
0.293614,
0.289103,
0.303416,
0.292237,
0.288667,
0.290363,
0.303529,
0.295809,
0.295888,
0.293966,
0.300413,
0.295711,
0.294337,
0.293331,
0.297952,
0.295484,
0.293234,
0.292806,
0.296039,
0.295114,
0.292476,
0.292327,
0.294572,
0.294636,
0.291959,
0.291876,
0.293448,
0.294093,
0.291594,
0.291453,
0.292577,
0.293526,
0.291317,
0.291061,
0.291889,
0.292964,
0.291084,
0.290704,
0.29133,
0.292427,
0.290869,
0.290379,
0.290861,
0.291925,
0.290659,
0.290083,
0.290459,
0.291461,
0.290447,
0.289811,
0.290104,
0.291035,
0.290231,
0.28956,
0.289785,
0.290645,
0.290014,
0.289324,
0.289492,
0.290243,
0.289745,
0.289057,
0.289184,
0.289919,
0.289534,
0.288851,
0.288938,
0.289622,
0.289326,
0.288653,
0.288707,
0.289348,
0.289122,
0.288462,
0.28849,
0.289094,
0.288923,
0.288278,
0.288284,
0.288859,
0.288731,
0.288099,
0.288088,
0.288639,
0.288545,
0.287925,
0.287901,
0.288435,
0.288366,
0.287757,
0.287722,
0.288244,
0.288193,
0.287592,
0.287552,
0.288066,
0.288028,
0.287433,
0.287388,
0.287899,
0.28787,
0.287277,
0.287232,
0.287744,
0.287719,
0.287126,
0.287082,
0.287599,
0.287574,
0.286979,
0.286939,
0.287465,
0.287436,
0.286837,
0.286803,
0.287341,
0.287305,
0.286698,
0.286673,
0.287228,
0.287179,
0.286563,
0.286549,
0.287125,
0.287059,
0.286433,
0.286433,
0.287032,
0.286944,
0.286307,
0.286323,
0.286949,
0.286835,
0.286186,
0.286221,
0.286878,
0.286731,
0.286069,
0.286126,
0.286817,
0.286631,
0.285957,
0.286039,
0.286769,
0.286535,
0.28585,
0.28596,
0.286732,
0.286442,
0.285748,
0.28589,
0.286708,
0.286353,
0.285653,
0.28583,
0.286696,
0.286266,
0.285563,
0.285779,
0.286697,
0.286181,
0.285481,
0.28574,
0.286712,
0.286098,
0.285406,
0.285712,
0.28674,
0.286015,
0.285338,
0.285697,
0.286781,
0.285933,
0.285278,
0.285695,
0.286835,
0.285849,
0.285227,
0.285708,
0.286902,
0.285766,
0.285184,
0.285736,
0.286979,
0.285681,
0.285149,
0.285783,
0.287065,
0.285595,
0.285123,
0.285849,
0.287159,
0.285509,
0.285105,
0.285938,
0.287258,
0.285425,
0.285094,
0.286052,
0.287359,
0.285343,
0.285089,
0.286194,
0.287458,
0.285266,
0.285089,
0.286368,
0.287553,
0.285199,
0.285093,
