FINAL REPORT
************
Train error (Mean +- SD): 0.199414 +- 1.75326e-06
Test error (Mean +- SD): 0.210061 +- 7.28705e-06
Train CCR (Mean +- SD): 0.722222 +- 0
Test CCR (Mean +- SD): 0.705747 +- 5.28471e-06
CONVERGENCE DATA
****************


Iterations: 
1,
2,
3,
4,
5,
6,
7,
8,
9,
10,
11,
12,
13,
14,
15,
16,
17,
18,
19,
20,
21,
22,
23,
24,
25,
26,
27,
28,
29,
30,
31,
32,
33,
34,
35,
36,
37,
38,
39,
40,
41,
42,
43,
44,
45,
46,
47,
48,
49,
50,
51,
52,
53,
54,
55,
56,
57,
58,
59,
60,
61,
62,
63,
64,
65,
66,
67,
68,
69,
70,
71,
72,
73,
74,
75,
76,
77,
78,
79,
80,
81,
82,
83,
84,
85,
86,
87,
88,
89,
90,
91,
92,
93,
94,
95,
96,
97,
98,
99,
100,
101,
102,
103,
104,
105,
106,
107,
108,
109,
110,
111,
112,
113,
114,
115,
116,
117,
118,
119,
120,
121,
122,
123,
124,
125,
126,
127,
128,
129,
130,
131,
132,
133,
134,
135,
136,
137,
138,
139,
140,
141,
142,
143,
144,
145,
146,
147,
148,
149,
150,
151,
152,
153,
154,
155,
156,
157,
158,
159,
160,
161,
162,
163,
164,
165,
166,
167,
168,
169,
170,
171,
172,
173,
174,
175,
176,
177,
178,
179,
180,
181,
182,
183,
184,
185,
186,
187,
188,
189,
190,
191,
192,
193,
194,
195,
196,
197,
198,
199,
200,
201,
202,
203,
204,
205,
206,
207,
208,
209,
210,
211,
212,
213,
214,
215,
216,
217,
218,
219,
220,
221,
222,
223,
224,
225,
226,
227,
228,
229,
230,
231,
232,
233,
234,
235,
236,
237,
238,
239,
240,
241,
242,
243,
244,
245,
246,
247,
248,
249,
250,
251,
252,
253,
254,
255,
256,
257,
258,
259,
260,
261,
262,
263,
264,
265,
266,
267,
268,
269,
270,
271,
272,
273,
274,
275,
276,
277,
278,
279,
280,
281,
282,
283,
284,
285,
286,
287,
288,
289,
290,
291,
292,
293,
294,
295,
296,
297,
298,
299,
300,
301,
302,
303,
304,
305,
306,
307,
308,
309,
310,
311,
312,
313,
314,
315,
316,
317,
318,
319,
320,
321,
322,
323,
324,
325,
326,
327,
328,
329,
330,
331,
332,
333,
334,
335,
336,
337,
338,
339,
340,
341,
342,
343,
344,
345,
346,
347,
348,
349,
350,
351,
352,
353,
354,
355,
356,
357,
358,
359,
360,
361,
362,
363,
364,
365,
366,
367,
368,
369,
370,
371,
372,
373,
374,
375,
376,
377,
378,
379,
380,
381,
382,
383,
384,
385,
386,
387,
388,
389,
390,
391,
392,
393,
394,
395,
396,
397,
398,
399,
400,
401,
402,
403,
404,
405,
406,
407,
408,
409,
410,
411,
412,
413,
414,
415,
416,
417,
418,
419,
420,
421,
422,
423,
424,
425,
426,
427,
428,
429,
430,
431,
432,
433,
434,
435,
436,
437,
438,
439,
440,
441,
442,
443,
444,
445,
446,
447,
448,
449,
450,
451,
452,
453,
454,
455,
456,
457,
458,
459,
460,
461,
462,
463,
464,
465,
466,
467,
468,
469,
470,
471,
472,
473,
474,
475,
476,
477,
478,
479,
480,
481,
482,
483,
484,
485,
486,
487,
488,
489,
490,
491,
492,
493,
494,
495,
496,
497,
498,
499,
500,
501,
502,
503,
504,
505,
506,
507,
508,
509,
510,
511,
512,
513,
514,
515,
516,
517,
518,
519,
520,
521,
522,
523,
524,
525,
526,
527,
528,
529,
530,
531,
532,
533,
534,
535,
536,
537,
538,
539,
540,
541,
542,
543,
544,
545,
546,
547,
548,
549,
550,
551,
552,
553,
554,
555,
556,
557,
558,
559,
560,
561,
562,
563,
564,
565,
566,
567,
568,
569,
570,
571,
572,
573,
574,
575,
576,
577,
578,
579,
580,
581,
582,
583,
584,
585,
586,
587,
588,
589,
590,
591,
592,
593,
594,
595,
596,
597,
598,
599,
600,
601,
602,
603,
604,
605,
606,
607,
608,
609,
610,
611,
612,
613,
614,
615,
616,
617,
618,
619,
620,
621,
622,
623,
624,
625,
626,
627,
628,
629,
630,
631,
632,
633,
634,
635,
636,
637,
638,
639,
640,
641,
642,
643,
644,
645,
646,
647,
648,
649,
650,
651,
652,
653,
654,
655,
656,
657,
658,
659,
660,
661,
662,
663,
664,
665,
666,
667,
668,
669,
670,
671,
672,
673,
674,
675,
676,
677,
678,
679,
680,
681,
682,
683,
684,
685,
686,
687,
688,
689,
690,
691,
692,
693,
694,
695,
696,
697,
698,
699,
700,
701,
702,
703,
704,
705,
706,
707,
708,
709,
710,
711,
712,
713,
714,
715,
716,
717,
718,
719,
720,
721,
722,
723,
724,
725,
726,
727,
728,
729,
730,
731,
732,
733,
734,
735,
736,
737,
738,
739,
740,
741,
742,
743,
744,
745,
746,
747,
748,
749,
750,
751,
752,
753,
754,
755,
756,
757,
758,
759,
760,
761,
762,
763,
764,
765,
766,
767,
768,
769,
770,
771,
772,
773,
774,
775,
776,
777,
778,
779,
780,
781,
782,
783,
784,
785,
786,
787,
788,
789,
790,
791,
792,
793,
794,
795,
796,
797,
798,
799,
800,
801,
802,
803,
804,
805,
806,
807,
808,
809,
810,
811,
812,
813,
814,
815,
816,
817,
818,
819,
820,
821,
822,
823,
824,
825,
826,
827,
828,
829,
830,
831,
832,
833,
834,
835,
836,
837,
838,
839,
840,
841,
842,
843,
844,
845,
846,
847,
848,
849,
850,
851,
852,
853,
854,
855,
856,
857,
858,
859,
860,
861,
862,
863,
864,
865,
866,
867,
868,
869,
870,
871,
872,
873,
874,
875,
876,
877,
878,
879,
880,
881,
882,
883,
884,
885,
886,
887,
888,
889,
890,
891,
892,
893,
894,
895,
896,
897,
898,
899,
900,
901,
902,
903,
904,
905,
906,
907,
908,
909,
910,
911,
912,
913,
914,
915,
916,
917,
918,
919,
920,
921,
922,
923,
924,
925,
926,
927,
928,
929,
930,
931,
932,
933,
934,
935,
936,
937,
938,
939,
940,
941,
942,
943,
944,
945,
946,
947,
948,
949,
950,
951,
952,
953,
954,
955,
956,
957,
958,
959,
960,
961,
962,
963,
964,
965,
966,
967,
968,
969,
970,
971,
972,
973,
974,
975,
976,
977,
978,
979,
980,
981,
982,
983,
984,
985,
986,
987,
988,
989,
990,
991,
992,
993,
994,
995,
996,
997,
998,
999,
1000,


Train errors: 
0.20049,
0.20159,
0.199468,
0.200659,
0.200669,
0.200675,
0.200679,
0.200683,
0.200686,
0.200688,
0.200633,
0.200693,
0.200694,
0.200695,
0.200696,
0.200697,
0.200698,
0.200699,
0.200699,
0.2007,
0.2007,
0.200701,
0.200701,
0.200701,
0.200702,
0.200702,
0.200702,
0.200703,
0.200703,
0.200703,
0.200703,
0.200703,
0.200704,
0.200704,
0.200704,
0.200704,
0.200704,
0.200705,
0.200705,
0.200705,
0.200705,
0.200705,
0.200705,
0.200705,
0.200706,
0.200706,
0.200706,
0.200706,
0.200706,
0.200706,
0.200706,
0.200707,
0.200707,
0.216129,
0.204543,
0.205341,
0.203142,
0.201691,
0.200854,
0.200405,
0.2001,
0.199868,
0.199699,
0.201561,
0.201523,
0.201493,
0.201458,
0.201417,
0.20137,
0.201317,
0.201256,
0.201185,
0.2011,
0.200996,
0.200867,
0.200708,
0.200518,
0.200316,
0.200146,
0.200046,
0.20001,
0.20001,
0.200028,
0.20006,
0.200107,
0.200176,
0.200283,
0.200462,
0.200771,
0.20128,
0.202281,
0.20575,
0.211846,
0.218929,
0.211612,
0.204556,
0.204029,
0.203868,
0.203802,
0.203776,
0.203771,
0.203778,
0.203794,
0.203815,
0.203841,
0.20387,
0.203903,
0.203937,
0.203974,
0.204013,
0.204053,
0.204095,
0.204139,
0.201571,
0.200294,
0.199285,
0.198969,
0.198835,
0.198777,
0.198725,
0.198615,
0.198406,
0.198107,
0.197783,
0.197504,
0.197303,
0.197173,
0.197091,
0.197039,
0.197005,
0.196982,
0.196965,
0.196953,
0.196943,
0.196935,
0.196929,
0.196924,
0.19692,
0.196916,
0.196914,
0.196911,
0.196909,
0.196908,
0.196907,
0.196906,
0.196905,
0.196905,
0.196905,
0.196905,
0.196905,
0.196906,
0.196907,
0.196908,
0.196909,
0.196911,
0.196913,
0.196915,
0.196917,
0.196919,
0.196922,
0.196924,
0.196928,
0.196931,
0.196934,
0.196938,
0.196942,
0.196947,
0.196952,
0.196957,
0.196962,
0.196968,
0.196974,
0.196981,
0.196988,
0.196995,
0.197003,
0.197012,
0.197022,
0.197032,
0.197043,
0.197055,
0.197068,
0.197082,
0.197097,
0.197114,
0.197356,
0.200908,
0.200949,
0.200959,
0.200969,
0.200979,
0.200991,
0.201003,
0.201017,
0.201031,
0.201047,
0.201065,
0.201084,
0.201105,
0.201129,
0.201155,
0.201184,
0.201218,
0.201256,
0.201301,
0.201353,
0.201415,
0.201057,
0.20042,
0.200382,
0.200389,
0.200398,
0.200406,
0.200412,
0.200417,
0.20042,
0.200423,
0.200425,
0.200426,
0.200427,
0.200428,
0.200429,
0.200429,
0.200429,
0.200429,
0.200429,
0.200429,
0.200429,
0.200429,
0.200429,
0.200428,
0.200428,
0.200428,
0.200427,
0.200427,
0.200426,
0.200426,
0.200426,
0.200425,
0.200425,
0.200424,
0.200424,
0.200423,
0.200423,
0.200422,
0.200422,
0.200421,
0.20042,
0.20042,
0.200419,
0.200419,
0.200418,
0.200418,
0.200417,
0.200417,
0.200416,
0.200416,
0.200415,
0.200415,
0.200414,
0.200414,
0.201522,
0.200701,
0.200636,
0.200621,
0.200617,
0.200618,
0.200619,
0.200621,
0.200624,
0.200626,
0.200628,
0.20063,
0.200631,
0.200633,
0.200634,
0.200635,
0.200637,
0.200638,
0.200639,
0.20064,
0.20064,
0.200641,
0.200642,
0.200643,
0.200643,
0.200644,
0.200644,
0.200645,
0.200645,
0.200646,
0.200646,
0.200647,
0.200647,
0.200647,
0.200648,
0.200648,
0.200648,
0.200649,
0.200649,
0.200649,
0.200649,
0.20065,
0.20065,
0.20065,
0.20065,
0.20065,
0.200651,
0.200651,
0.200651,
0.200651,
0.200651,
0.200651,
0.200652,
0.200652,
0.200652,
0.200652,
0.200652,
0.200652,
0.200652,
0.200652,
0,
0,
0,
0,
0,
0,
0,
0,
0,
0,
0,
0,
0,
0,
0,
0,
0,
0,
0,
0,
0,
0,
0,
0,
0,
0,
0,
0,
0,
0,
0,
0,
0,
0,
0,
0,
0,
0,
0,
0,
0,
0,
0,
0,
0,
0,
0,
0,
0,
0,
0,
0,
0,
0,
0,
0,
0,
0,
0,
0,
0,
0,
0,
0,
0,
0,
0,
0,
0,
0,
0,
0,
0,
0,
0,
0,
0,
0,
0,
0,
0,
0,
0,
0,
0,
0,
0,
0,
0,
0,
0,
0,
0,
0,
0,
0,
0,
0,
0,
0,
0,
0,
0,
0,
0,
0,
0,
0,
0,
0,
0,
0,
0,
0,
0,
0,
0,
0,
0,
0,
0,
0,
0,
0,
0,
0,
0,
0,
0,
0,
0,
0,
0,
0,
0,
0,
0,
0,
0,
0,
0,
0,
0,
0,
0,
0,
0,
0,
0,
0,
0,
0,
0,
0,
0,
0,
0,
0,
0,
0,
0,
0,
0,
0,
0,
0,
0,
0,
0,
0,
0,
0,
0,
0,
0,
0,
0,
0,
0,
0,
0,
0,
0,
0,
0,
0,
0,
0,
0,
0,
0,
0,
2.03209e-320,
0.207478,
0.211383,
0.204024,
0.207628,
0.207405,
0.207246,
0.207127,
0.207036,
0.206964,
0.206907,
0.206859,
0.20682,
0.206788,
0.20676,
0.206736,
0.206716,
0.206699,
0.206684,
0.206671,
0.206659,
0.206649,
0.20664,
0.206632,
0.206625,
0.206619,
0.206614,
0.206609,
0.206604,
0.2066,
0.206597,
0.206593,
0.20659,
0.206588,
0.206585,
0.206583,
0.206581,
0.206579,
0.206577,
0.206576,
0.206574,
0.206573,
0.206572,
0.20657,
0.206569,
0.206568,
0.206567,
0.206566,
0.206565,
0.206564,
0.206564,
0.206563,
0.206562,
0.205485,
0.22921,
0.216126,
0.230525,
0.235272,
0.234755,
0.234085,
0.233714,
0.233448,
0.233235,
0.233072,
0.23424,
0.234179,
0.234132,
0.234077,
0.234011,
0.233934,
0.233846,
0.233743,
0.233622,
0.233474,
0.233289,
0.233053,
0.232745,
0.232351,
0.231874,
0.231368,
0.230924,
0.230614,
0.230486,
0.230566,
0.230807,
0.231119,
0.231439,
0.231774,
0.232193,
0.23281,
0.233713,
0.235337,
0.240277,
0.248005,
0.256453,
0.247718,
0.238662,
0.237935,
0.237712,
0.237621,
0.237585,
0.237579,
0.23759,
0.237612,
0.237643,
0.23768,
0.237721,
0.237767,
0.237816,
0.237867,
0.237922,
0.237978,
0.238037,
0.230893,
0.210906,
0.209001,
0.208152,
0.207822,
0.20773,
0.207724,
0.207715,
0.207617,
0.207373,
0.206987,
0.206537,
0.206124,
0.205806,
0.205586,
0.20544,
0.205344,
0.205278,
0.205231,
0.205197,
0.205171,
0.205151,
0.205134,
0.205121,
0.20511,
0.205101,
0.205094,
0.205087,
0.205082,
0.205077,
0.205073,
0.20507,
0.205068,
0.205066,
0.205065,
0.205064,
0.205064,
0.205064,
0.205065,
0.205066,
0.205068,
0.20507,
0.205072,
0.205075,
0.205078,
0.205082,
0.205086,
0.20509,
0.205095,
0.205101,
0.205107,
0.205113,
0.20512,
0.205127,
0.205135,
0.205144,
0.205153,
0.205162,
0.205173,
0.205184,
0.205195,
0.205208,
0.205222,
0.205236,
0.205251,
0.205268,
0.205286,
0.205305,
0.205326,
0.205348,
0.205372,
0.205398,
0.205426,
0.205458,
0.20974,
0.209822,
0.209841,
0.209859,
0.209879,
0.2099,
0.209923,
0.209947,
0.209974,
0.210003,
0.210034,
0.210068,
0.210106,
0.210147,
0.210193,
0.210243,
0.2103,
0.210364,
0.210438,
0.210523,
0.205644,
0.209685,
0.208167,
0.207869,
0.207755,
0.207699,
0.207669,
0.20765,
0.207637,
0.207628,
0.207622,
0.207618,
0.207614,
0.207612,
0.20761,
0.207609,
0.207608,
0.207608,
0.207607,
0.207607,
0.207607,
0.207608,
0.207608,
0.207608,
0.207609,
0.20761,
0.20761,
0.207611,
0.207612,
0.207613,
0.207614,
0.207615,
0.207616,
0.207617,
0.207618,
0.207619,
0.20762,
0.207621,
0.207622,
0.207623,
0.207624,
0.207626,
0.207627,
0.207628,
0.207629,
0.207631,
0.207632,
0.207633,
0.207634,
0.207636,
0.207637,
0.207638,
0.20764,
0.207641,
0.210349,
0.210866,
0.20927,
0.209027,
0.208924,
0.208864,
0.208825,
0.208797,
0.208777,
0.208761,
0.208749,
0.208739,
0.20873,
0.208723,
0.208717,
0.208712,
0.208708,
0.208704,
0.208701,
0.208698,
0.208695,
0.208693,
0.20869,
0.208688,
0.208687,
0.208685,
0.208683,
0.208682,
0.208681,
0.208679,
0.208678,
0.208677,
0.208676,
0.208675,
0.208675,
0.208674,
0.208673,
0.208672,
0.208672,
0.208671,
0.20867,
0.20867,
0.208669,
0.208669,
0.208668,
0.208668,
0.208667,
0.208667,
0.208667,
0.208666,
0.208666,
0.208666,
0.208665,
0.208665,
0.208665,
0.208664,
0.208664,
0.208664,
0.208664,
0.208663,
0.215387,
0,
0,
0,
0,
0,
0,
0,
0,
0,
0,
0,
0,
0,
0,
0,
0,
0,
0,
0,
0,
0,
0,
0,
0,
0,
0,
0,
0,
0,
0,
0,
0,
0,
0,
0,
0,
0,
0,
0,
0,
0,
0,
0,
0,
0,
0,
0,
0,
0,
0,
0,
0,
0,
0,
0,
0,
0,
0,
0,
0,
0,
0,
0,
0,
0,
0,
0,
0,
0,
0,
0,
0,
0,
0,
0,
0,
0,
0,
0,
0,
0,
0,
0,
0,
0,
0,
0,
0,
0,
0,
0,
0,
0,
0,
0,
0,
0,
0,
0,
0,
0,
0,
0,
0,
0,
0,
0,
0,
0,
0,
0,
0,
0,
0,
0,
0,
0,
0,
0,
0,
0,
0,
0,
0,
0,
0,
0,
0,
0,
0,
0,
0,
0,
0,
0,
0,
0,
0,
0,
0,
0,
0,
0,
0,
0,
0,
0,
0,
0,
0,
0,
0,
0,
0,
0,
0,
0,
0,
0,
0,
0,
0,
0,
0,
0,


Test errors: 
0.207478,
0.211383,
0.204024,
0.207628,
0.207405,
0.207246,
0.207127,
0.207036,
0.206964,
0.206907,
0.206859,
0.20682,
0.206788,
0.20676,
0.206736,
0.206716,
0.206699,
0.206684,
0.206671,
0.206659,
0.206649,
0.20664,
0.206632,
0.206625,
0.206619,
0.206614,
0.206609,
0.206604,
0.2066,
0.206597,
0.206593,
0.20659,
0.206588,
0.206585,
0.206583,
0.206581,
0.206579,
0.206577,
0.206576,
0.206574,
0.206573,
0.206572,
0.20657,
0.206569,
0.206568,
0.206567,
0.206566,
0.206565,
0.206564,
0.206564,
0.206563,
0.206562,
0.205485,
0.22921,
0.216126,
0.230525,
0.235272,
0.234755,
0.234085,
0.233714,
0.233448,
0.233235,
0.233072,
0.23424,
0.234179,
0.234132,
0.234077,
0.234011,
0.233934,
0.233846,
0.233743,
0.233622,
0.233474,
0.233289,
0.233053,
0.232745,
0.232351,
0.231874,
0.231368,
0.230924,
0.230614,
0.230486,
0.230566,
0.230807,
0.231119,
0.231439,
0.231774,
0.232193,
0.23281,
0.233713,
0.235337,
0.240277,
0.248005,
0.256453,
0.247718,
0.238662,
0.237935,
0.237712,
0.237621,
0.237585,
0.237579,
0.23759,
0.237612,
0.237643,
0.23768,
0.237721,
0.237767,
0.237816,
0.237867,
0.237922,
0.237978,
0.238037,
0.230893,
0.210906,
0.209001,
0.208152,
0.207822,
0.20773,
0.207724,
0.207715,
0.207617,
0.207373,
0.206987,
0.206537,
0.206124,
0.205806,
0.205586,
0.20544,
0.205344,
0.205278,
0.205231,
0.205197,
0.205171,
0.205151,
0.205134,
0.205121,
0.20511,
0.205101,
0.205094,
0.205087,
0.205082,
0.205077,
0.205073,
0.20507,
0.205068,
0.205066,
0.205065,
0.205064,
0.205064,
0.205064,
0.205065,
0.205066,
0.205068,
0.20507,
0.205072,
0.205075,
0.205078,
0.205082,
0.205086,
0.20509,
0.205095,
0.205101,
0.205107,
0.205113,
0.20512,
0.205127,
0.205135,
0.205144,
0.205153,
0.205162,
0.205173,
0.205184,
0.205195,
0.205208,
0.205222,
0.205236,
0.205251,
0.205268,
0.205286,
0.205305,
0.205326,
0.205348,
0.205372,
0.205398,
0.205426,
0.205458,
0.20974,
0.209822,
0.209841,
0.209859,
0.209879,
0.2099,
0.209923,
0.209947,
0.209974,
0.210003,
0.210034,
0.210068,
0.210106,
0.210147,
0.210193,
0.210243,
0.2103,
0.210364,
0.210438,
0.210523,
0.205644,
0.209685,
0.208167,
0.207869,
0.207755,
0.207699,
0.207669,
0.20765,
0.207637,
0.207628,
0.207622,
0.207618,
0.207614,
0.207612,
0.20761,
0.207609,
0.207608,
0.207608,
0.207607,
0.207607,
0.207607,
0.207608,
0.207608,
0.207608,
0.207609,
0.20761,
0.20761,
0.207611,
0.207612,
0.207613,
0.207614,
0.207615,
0.207616,
0.207617,
0.207618,
0.207619,
0.20762,
0.207621,
0.207622,
0.207623,
0.207624,
0.207626,
0.207627,
0.207628,
0.207629,
0.207631,
0.207632,
0.207633,
0.207634,
0.207636,
0.207637,
0.207638,
0.20764,
0.207641,
0.210349,
0.210866,
0.20927,
0.209027,
0.208924,
0.208864,
0.208825,
0.208797,
0.208777,
0.208761,
0.208749,
0.208739,
0.20873,
0.208723,
0.208717,
0.208712,
0.208708,
0.208704,
0.208701,
0.208698,
0.208695,
0.208693,
0.20869,
0.208688,
0.208687,
0.208685,
0.208683,
0.208682,
0.208681,
0.208679,
0.208678,
0.208677,
0.208676,
0.208675,
0.208675,
0.208674,
0.208673,
0.208672,
0.208672,
0.208671,
0.20867,
0.20867,
0.208669,
0.208669,
0.208668,
0.208668,
0.208667,
0.208667,
0.208667,
0.208666,
0.208666,
0.208666,
0.208665,
0.208665,
0.208665,
0.208664,
0.208664,
0.208664,
0.208664,
0.208663,
0.215387,
0,
0,
0,
0,
0,
0,
0,
0,
0,
0,
0,
0,
0,
0,
0,
0,
0,
0,
0,
0,
0,
0,
0,
0,
0,
0,
0,
0,
0,
0,
0,
0,
0,
0,
0,
0,
0,
0,
0,
0,
0,
0,
0,
0,
0,
0,
0,
0,
0,
0,
0,
0,
0,
0,
0,
0,
0,
0,
0,
0,
0,
0,
0,
0,
0,
0,
0,
0,
0,
0,
0,
0,
0,
0,
0,
0,
0,
0,
0,
0,
0,
0,
0,
0,
0,
0,
0,
0,
0,
0,
0,
0,
0,
0,
0,
0,
0,
0,
0,
0,
0,
0,
0,
0,
0,
0,
0,
0,
0,
0,
0,
0,
0,
0,
0,
0,
0,
0,
0,
0,
0,
0,
0,
0,
0,
0,
0,
0,
0,
0,
0,
0,
0,
0,
0,
0,
0,
0,
0,
0,
0,
0,
0,
0,
0,
0,
0,
0,
0,
0,
0,
0,
0,
0,
0,
0,
0,
0,
0,
0,
0,
0,
0,
0,
0,
0,
0,
0,
0,
0,
0,
0,
0,
0,
0,
0,
0,
0,
0,
0,
0,
0,
0,
0,
0,
0,
0,
0,
0,
0,
0,
0,
4.05578e-320,
7.50929e-96,
2.82539e-77,
1.14581e-259,
7.50929e-96,
2.82539e-77,
1.14581e-259,
7.50929e-96,
2.82539e-77,
1.14581e-259,
7.50929e-96,
2.82539e-77,
1.14581e-259,
7.50929e-96,
2.82539e-77,
1.14581e-259,
7.50929e-96,
2.82539e-77,
1.14581e-259,
7.50929e-96,
2.82539e-77,
1.14581e-259,
7.50929e-96,
2.82539e-77,
1.14581e-259,
7.50929e-96,
2.82539e-77,
1.14581e-259,
7.50929e-96,
2.82539e-77,
1.14581e-259,
7.50929e-96,
2.82539e-77,
1.14581e-259,
7.50929e-96,
2.82539e-77,
1.14581e-259,
7.50929e-96,
2.82539e-77,
1.14581e-259,
7.50929e-96,
2.82539e-77,
1.14581e-259,
7.50929e-96,
2.82539e-77,
1.14581e-259,
7.50929e-96,
2.8254e-77,
6.59066e-43,
2.17698e-76,
1.14631e-259,
3.9264e+179,
8.54391e-72,
1.8978e-52,
1.24689e-47,
1.14727e-259,
2.79175e+179,
4.43625e-38,
8.52427e-96,
4.66301e-33,
3.42629e-86,
5.45168e-67,
4.46439e-33,
4.46663e-33,
8.23444e-67,
9.61434e-39,
5.20747e-90,
1.51765e-47,
8.98878e-96,
3.50745e-33,
4.2306e-86,
1.00566e-47,
3.53727e-57,
1.14631e-259,
3.11404e+179,
5.60441e-67,
9.94466e-43,
4.90846e-62,
3.4157e-53,
5.20748e-90,
1.19877e-71,
1.08633e-95,
6.82363e-38,
3.82844e-86,
3.57281e-62,
1.6578e-76,
1.85165e-72,
5.20653e-90,
5.14869e-62,
1.08651e-95,
1.08735e-71,
7.9528e-63,
1.21179e-99,
1.03343e-47,
9.94466e-43,
1.38241e-47,
5.21193e-58,
5.20652e-90,
1.14217e-71,
1.14631e-259,
3.92323e+179,
8.54391e-72,
1.31179e-71,
5.40126e-62,
2.23851e-48,
5.20365e-90,
8.96903e-67,
1.04024e-95,
1.36945e-71,
3.42629e-86,
1.58586e-47,
1.17741e-47,
3.41569e-53,
5.20365e-90,
2.73701e-57,
8.5261e-96,
1.20055e-71,
3.42629e-86,
6.59066e-43,
7.87218e-67,
1.85165e-72,
5.20941e-90,
3.93325e-62,
1.08633e-95,
1.51925e-47,
3.42629e-86,
2.34147e-57,
9.7326e-72,
1.14711e-259,
2.95132e+179,
8.54391e-72,
1.31179e-71,
5.39746e-62,
1.14727e-259,
3.1115e+179,
4.83383e-86,
6.59065e-43,
9.73481e-72,
1.146e-259,
3.59777e+179,
5.60006e-67,
5.92958e-38,
1.31291e-47,
9.6143e-39,
5.20363e-90,
2.57769e-57,
9.93609e-96,
2.11143e-52,
3.82844e-86,
4.31927e-38,
2.52741e-52,
1.14695e-259,
2.7886e+179,
2.40552e-57,
5.14792e-62,
1.31291e-47,
1.2135e-67,
5.20171e-90,
7.8563e-67,
1.14679e-259,
3.43758e+179,
2.40552e-57,
1.65428e-47,
1.11005e-47,
1.46703e-43,
5.20843e-90,
2.52456e-52,
8.52792e-96,
1.1446e-71,
3.82844e-86,
1.00566e-47,
1.65502e-47,
1.14663e-259,
3.4357e+179,
2.40552e-57,
1.65428e-47,
2.74074e-57,
6.30085e-34,
6.59067e-43,
9.05446e-43,
1.18015e-95,
7.11879e-67,
9.61435e-39,
5.20174e-90,
1.08557e-71,
8.05976e-96,
1.38322e-47,
3.42629e-86,
5.45168e-67,
9.7238e-72,
1.18051e-95,
5.88269e-62,
4.43167e-86,
2.34147e-57,
3.06121e-57,
1.14616e-259,
5.45167e-67,
4.07921e-33,
4.46663e-33,
1.39805e-76,
3.4157e-53,
5.20844e-90,
1.08557e-71,
1.08633e-95,
3.11276e+179,
5.60223e-67,
2.17436e-76,
1.58848e-47,
6.30085e-34,
5.20938e-90,
9.72379e-72,
8.52427e-96,
3.22115e-57,
4.02952e-86,
3.57281e-62,
8.16463e-43,
1.14615e-259,
3.44012e+179,
3.62737e-86,
7.69908e-43,
1.69176e-52,
1.14695e-259,
2.95386e+179,
3.66958e-62,
9.04783e-43,
2.00376e-52,
4.2306e-86,
2.83066e-33,
1.45189e-47,
1.85165e-72,
5.20941e-90,
2.40552e-57,
7.69908e-43,
1.69176e-52,
1.14695e-259,
3.92196e+179,
8.54391e-72,
9.04783e-43,
2.0046e-76,
3.41569e-53,
5.20364e-90,
7.85627e-67,
8.52427e-96,
9.35299e-67,
3.42629e-86,
1.31179e-71,
3.85467e-57,
1.85165e-72,
5.20653e-90,
2.31575e-52,
1.08633e-95,
5.39937e-62,
7.9528e-63,
7.75262e-72,
1.74282e-76,
1.08651e-95,
5.34966e-38,
3.62737e-86,
1.53451e-52,
1.39905e-76,
1.14647e-259,
3.76239e+179,
1.30505e-76,
4.90484e-62,
9.17991e-72,
1.46703e-43,
5.20941e-90,
1.25538e-71,
1.17978e-95,
3.69472e-57,
3.42629e-86,
6.59067e-43,
4.0807e-33,
1.14679e-259,
2.94941e+179,
2.40552e-57,
1.65428e-47,
1.17741e-47,
6.30085e-34,
6.59067e-43,
2.08927e-76,
1.14663e-259,
4.08658e+179,
2.40583e-57,
1.65428e-47,
2.74074e-57,
7.95279e-63,
5.20172e-90,
2.737e-57,
4.0822e-33,
1.17741e-47,
5.21194e-58,
5.20172e-90,
1.3808e-47,
8.98878e-96,
1.69341e-52,
3.82844e-86,
5.14792e-62,
3.85341e-57,
1.85165e-72,
5.20748e-90,
4.755e-38,
9.93609e-96,
1.58714e-47,
3.4157e-53,
5.20364e-90,
7.70398e-43,
1.04006e-95,
5.94201e-38,
4.43167e-86,
3.57281e-62,
3.11924e-33,
1.14584e-259,
4.08721e+179,
1.5775e-52,
1.7227e-47,
9.73264e-72,
5.21194e-58,
5.20269e-90,
9.49765e-43,
8.5261e-96,
5.39748e-62,
3.42629e-86,
5.45167e-67,
3.21493e-57,
4.46663e-33,
5.63867e-62,
1.46703e-43,
5.20842e-90,
4.2718e-33,
8.52427e-96,
2.63223e-52,
1.2135e-67,
1.21224e-99,
1.03316e-47,
8.22603e-67,
6.819e-38,
1.2135e-67,
5.20653e-90,
4.41943e-62,
1.14679e-259,
3.6003e+179,
2.4049e-57,
9.04783e-43,
1.17741e-47,
3.41569e-53,
5.20173e-90,
1.74282e-76,
1.08651e-95,
4.76767e-38,
3.42629e-86,
1.53451e-52,
1.3816e-47,
1.18015e-95,
1.72372e-47,
9.61435e-39,
5.20174e-90,
2.57771e-57,
8.99061e-96,
3.59903e+179,
2.40552e-57,
5.14792e-62,
1.31291e-47,
1.46703e-43,
5.20747e-90,
7.8563e-67,
1.04043e-95,
4.8526e-33,
3.82844e-86,
4.31927e-38,
9.73481e-72,
1.146e-259,
3.7624e+179,
4.43625e-38,
8.59695e-67,
2.31656e-52,
1.2135e-67,
5.20557e-90,
4.755e-38,
9.93609e-96,
8.62013e-43,
4.63275e-86,
5.39101e-62,
1.24583e-47,
1.85165e-72,
5.2027e-90,
4.755e-38,
9.93609e-96,
1.52059e-47,
3.82844e-86,
4.31926e-38,
3.05997e-57,
1.14615e-259,
3.43443e+179,
8.54391e-72,
1.8978e-52,
8.2402e-67,
1.18051e-95,
1.69217e-52,
4.02952e-86,
1.00565e-47,
4.46664e-33,
1.14616e-259,
3.11025e+179,
5.60223e-67,
2.17436e-76,
5.15533e-62,
1.85165e-72,
5.20845e-90,
4.2718e-33,
1.08651e-95,
3.50745e-33,
4.43167e-86,
2.34148e-57,
2.08893e-76,
1.85165e-72,
5.20941e-90,
2.90772e-33,
7.69908e-43,
1.69176e-52,
1.14695e-259,
3.92196e+179,
8.54391e-72,
9.04783e-43,
4.75731e-38,
2.23851e-48,
5.20749e-90,
4.75501e-38,
1.04006e-95,
5.39937e-62,
5.21195e-58,
1.21268e-99,
2.40521e-57,
9.49624e-43,
7.49551e-67,
1.2135e-67,
5.20461e-90,
2.62897e-52,
8.99426e-96,
8.60244e-67,
3.62737e-86,
1.08651e-95,
2.94943e+179,
8.54391e-72,
9.04783e-43,
3.31109e-33,
3.4157e-53,
5.2027e-90,
5.63662e-38,
1.14695e-259,
3.92513e+179,
1.0329e-47,
7.85511e-67,
3.85467e-57,
3.4157e-53,
5.2027e-90,
2.52456e-52,
1.08651e-95,
2.31698e-52,
4.2306e-86,
2.83067e-33,
2.21501e-52,
5.0349e-86,
2.83067e-33,
1.08551e-42,
1.14695e-259,
5.20748e-90,
1.5701e-76,
7.59525e-96,
7.4056e-38,
3.42629e-86,
2.83067e-33,
7.50126e-67,
1.14711e-259,
3.76239e+179,
1.57648e-52,
8.22603e-67,
9.34429e-67,
1.85165e-72,
5.20462e-90,
1.3042e-76,
7.69908e-43,
1.04067e-42,
1.85165e-72,
2.34148e-57,
7.12744e-67,
1.14616e-259,
