FINAL REPORT
************
Train error (Mean +- SD): 0.28468 +- 2.66034e-05
Test error (Mean +- SD): 0.312994 +- 0.000446642
Train CCR (Mean +- SD): 0.658642 +- 0.0173815
Test CCR (Mean +- SD): 0.637931 +- 0.0167658
CONVERGENCE DATA
****************


Iterations: 
1,
2,
3,
4,
5,
6,
7,
8,
9,
10,
11,
12,
13,
14,
15,
16,
17,
18,
19,
20,
21,
22,
23,
24,
25,
26,
27,
28,
29,
30,
31,
32,
33,
34,
35,
36,
37,
38,
39,
40,
41,
42,
43,
44,
45,
46,
47,
48,
49,
50,
51,
52,
53,
54,
55,
56,
57,
58,
59,
60,
61,
62,
63,
64,
65,
66,
67,
68,
69,
70,
71,
72,
73,
74,
75,
76,
77,
78,
79,
80,
81,
82,
83,
84,
85,
86,
87,
88,
89,
90,
91,
92,
93,
94,
95,
96,
97,
98,
99,
100,
101,
102,
103,
104,
105,
106,
107,
108,
109,
110,
111,
112,
113,
114,
115,
116,
117,
118,
119,
120,
121,
122,
123,
124,
125,
126,
127,
128,
129,
130,
131,
132,
133,
134,
135,
136,
137,
138,
139,
140,
141,
142,
143,
144,
145,
146,
147,
148,
149,
150,
151,
152,
153,
154,
155,
156,
157,
158,
159,
160,
161,
162,
163,
164,
165,
166,
167,
168,
169,
170,
171,
172,
173,
174,
175,
176,
177,
178,
179,
180,
181,
182,
183,
184,
185,
186,
187,
188,
189,
190,
191,
192,
193,
194,
195,
196,
197,
198,
199,
200,
201,
202,
203,
204,
205,
206,
207,
208,
209,
210,
211,
212,
213,
214,
215,
216,
217,
218,
219,
220,
221,
222,
223,
224,
225,
226,
227,
228,
229,
230,
231,
232,
233,
234,
235,
236,
237,
238,
239,
240,
241,
242,
243,
244,
245,
246,
247,
248,
249,
250,
251,
252,
253,
254,
255,
256,
257,
258,
259,
260,
261,
262,
263,
264,
265,
266,
267,
268,
269,
270,
271,
272,
273,
274,
275,
276,
277,
278,
279,
280,
281,
282,
283,
284,
285,
286,
287,
288,
289,
290,
291,
292,
293,
294,
295,
296,
297,
298,
299,
300,
301,
302,
303,
304,
305,
306,
307,
308,
309,
310,
311,
312,
313,
314,
315,
316,
317,
318,
319,
320,
321,
322,
323,
324,
325,
326,
327,
328,
329,
330,
331,
332,
333,
334,
335,
336,
337,
338,
339,
340,
341,
342,
343,
344,
345,
346,
347,
348,
349,
350,
351,
352,
353,
354,
355,
356,
357,
358,
359,
360,
361,
362,
363,
364,
365,
366,
367,
368,
369,
370,
371,
372,
373,
374,
375,
376,
377,
378,
379,
380,
381,
382,
383,
384,
385,
386,
387,
388,
389,
390,
391,
392,
393,
394,
395,
396,
397,
398,
399,
400,
401,
402,
403,
404,
405,
406,
407,
408,
409,
410,
411,
412,
413,
414,
415,
416,
417,
418,
419,
420,
421,
422,
423,
424,
425,
426,
427,
428,
429,
430,
431,
432,
433,
434,
435,
436,
437,
438,
439,
440,
441,
442,
443,
444,
445,
446,
447,
448,
449,
450,
451,
452,
453,
454,
455,
456,
457,
458,
459,
460,
461,
462,
463,
464,
465,
466,
467,
468,
469,
470,
471,
472,
473,
474,
475,
476,
477,
478,
479,
480,
481,
482,
483,
484,
485,
486,
487,
488,
489,
490,
491,
492,
493,
494,
495,
496,
497,
498,
499,
500,
501,
502,
503,
504,
505,
506,
507,
508,
509,
510,
511,
512,
513,
514,
515,
516,
517,
518,
519,
520,
521,
522,
523,
524,
525,
526,
527,
528,
529,
530,
531,
532,
533,
534,
535,
536,
537,
538,
539,
540,
541,
542,
543,
544,
545,
546,
547,
548,
549,
550,
551,
552,
553,
554,
555,
556,
557,
558,
559,
560,
561,
562,
563,
564,
565,
566,
567,
568,
569,
570,
571,
572,
573,
574,
575,
576,
577,
578,
579,
580,
581,
582,
583,
584,
585,
586,
587,
588,
589,
590,
591,
592,
593,
594,
595,
596,
597,
598,
599,
600,
601,
602,
603,
604,
605,
606,
607,
608,
609,
610,
611,
612,
613,
614,
615,
616,
617,
618,
619,
620,
621,
622,
623,
624,
625,
626,
627,
628,
629,
630,
631,
632,
633,
634,
635,
636,
637,
638,
639,
640,
641,
642,
643,
644,
645,
646,
647,
648,
649,
650,
651,
652,
653,
654,
655,
656,
657,
658,
659,
660,
661,
662,
663,
664,
665,
666,
667,
668,
669,
670,
671,
672,
673,
674,
675,
676,
677,
678,
679,
680,
681,
682,
683,
684,
685,
686,
687,
688,
689,
690,
691,
692,
693,
694,
695,
696,
697,
698,
699,
700,
701,
702,
703,
704,
705,
706,
707,
708,
709,
710,
711,
712,
713,
714,
715,
716,
717,
718,
719,
720,
721,
722,
723,
724,
725,
726,
727,
728,
729,
730,
731,
732,
733,
734,
735,
736,
737,
738,
739,
740,
741,
742,
743,
744,
745,
746,
747,
748,
749,
750,
751,
752,
753,
754,
755,
756,
757,
758,
759,
760,
761,
762,
763,
764,
765,
766,
767,
768,
769,
770,
771,
772,
773,
774,
775,
776,
777,
778,
779,
780,
781,
782,
783,
784,
785,
786,
787,
788,
789,
790,
791,
792,
793,
794,
795,
796,
797,
798,
799,
800,
801,
802,
803,
804,
805,
806,
807,
808,
809,
810,
811,
812,
813,
814,
815,
816,
817,
818,
819,
820,
821,
822,
823,
824,
825,
826,
827,
828,
829,
830,
831,
832,
833,
834,
835,
836,
837,
838,
839,
840,
841,
842,
843,
844,
845,
846,
847,
848,
849,
850,
851,
852,
853,
854,
855,
856,
857,
858,
859,
860,
861,
862,
863,
864,
865,
866,
867,
868,
869,
870,
871,
872,
873,
874,
875,
876,
877,
878,
879,
880,
881,
882,
883,
884,
885,
886,
887,
888,
889,
890,
891,
892,
893,
894,
895,
896,
897,
898,
899,
900,
901,
902,
903,
904,
905,
906,
907,
908,
909,
910,
911,
912,
913,
914,
915,
916,
917,
918,
919,
920,
921,
922,
923,
924,
925,
926,
927,
928,
929,
930,
931,
932,
933,
934,
935,
936,
937,
938,
939,
940,
941,
942,
943,
944,
945,
946,
947,
948,
949,
950,
951,
952,
953,
954,
955,
956,
957,
958,
959,
960,
961,
962,
963,
964,
965,
966,
967,
968,
969,
970,
971,
972,
973,
974,
975,
976,
977,
978,
979,
980,
981,
982,
983,
984,
985,
986,
987,
988,
989,
990,
991,
992,
993,
994,
995,
996,
997,
998,
999,
1000,


Train errors: 
0.473115,
0.295993,
1.52351,
1.33447,
2.21466,
0.645607,
1.18561,
0.294589,
1.09822,
0.577064,
0.532647,
0.285049,
0.719495,
0.435091,
0.595612,
0.287819,
0.71219,
0.370535,
0.598045,
0.285396,
0.684408,
0.367642,
0.559589,
0.283146,
0.65122,
0.374209,
0.536267,
0.281555,
0.640083,
0.384338,
0.52269,
0.282596,
0.634537,
0.399816,
0.501894,
0.286347,
0.630604,
0.422909,
0.47279,
0.297915,
0.595571,
0.446055,
0.390448,
0.31772,
0.50829,
0.45068,
0.357527,
0.332334,
0.471024,
0.447811,
0.353299,
0.334636,
0.467212,
0.448959,
0.349812,
0.338413,
0.458403,
0.444494,
0.344687,
0.339906,
0.437375,
0.430785,
0.337106,
0.341691,
0.395603,
0.407723,
0.307246,
0.34308,
0.346591,
0.381484,
0.293002,
0.336764,
0.314638,
0.35479,
0.284986,
0.328479,
0.289358,
0.331068,
0.547701,
0.510848,
1.07826,
0.689537,
0.377177,
1.05673,
0.287175,
0.914798,
0.567806,
1.10488,
0.384327,
0.759059,
0.317248,
0.813717,
0.378415,
0.625959,
0.293905,
0.709619,
0.37032,
0.600668,
0.291715,
0.684911,
0.365494,
0.591833,
0.290723,
0.673517,
0.361932,
0.583823,
0.289877,
0.664769,
0.360381,
0.574348,
0.288842,
0.655267,
0.359382,
0.568519,
0.288128,
0.647976,
0.358582,
0.562744,
0.28724,
0.639554,
0.359288,
0.554747,
0.287468,
0.627021,
0.356573,
0.525254,
0.286671,
0.569198,
0.340675,
0.448586,
0.286522,
0.490896,
0.346909,
0.38959,
0.295976,
0.42237,
0.347576,
0.342166,
0.309181,
0.365629,
0.344155,
0.316214,
0.316306,
0.332924,
0.337857,
0.303372,
0.317327,
0.315586,
0.331517,
0.297024,
0.316731,
0.306463,
0.326524,
0.293136,
0.314505,
0.300454,
0.321907,
0.290694,
0.312293,
0.296637,
0.318192,
0.289108,
0.310283,
0.294097,
0.315207,
0.288034,
0.308523,
0.292343,
0.312779,
0.287278,
0.306993,
0.291091,
0.310775,
0.286708,
0.30556,
0.29007,
0.308948,
0.286179,
0.30434,
0.289345,
0.307523,
0.285889,
0.303343,
0.288836,
0.306312,
0.285648,
0.302374,
0.288413,
0.305171,
0.285464,
0.301519,
0.288101,
0.304025,
0.285262,
0.300643,
0.287872,
0.303141,
0.285267,
0.299941,
0.287819,
0.302475,
0.285307,
0.299434,
0.287703,
0.301965,
0.285249,
0.298974,
0.28766,
0.301384,
0.28523,
0.298353,
0.287556,
0.300698,
0.28516,
0.297801,
0.287545,
0.300012,
0.285155,
0.297272,
0.287537,
0.299562,
0.285241,
0.296781,
0.2876,
0.298988,
0.285188,
0.29626,
0.287582,
0.298621,
0.285328,
0.295846,
0.287729,
0.298144,
0.285541,
0.2954,
0.287882,
0.297663,
0.285575,
0.295083,
0.28806,
0.297406,
0.285718,
0.294743,
0.288262,
0.297106,
0.285917,
0.294424,
0.288432,
0.296725,
0.286008,
0.294014,
0.288533,
0.296436,
0.286134,
0.29372,
0.288597,
0.296113,
0.286181,
0.293403,
0.288698,
0.295814,
0.28626,
0.293089,
0.288842,
0.295531,
0.28642,
0.292787,
0.289039,
1.14314,
1.75943,
0.491378,
1.00841,
0.293063,
0.879284,
0.589311,
0.324855,
0.393548,
0.469062,
0.538801,
0.29818,
0.418913,
0.372017,
0.480334,
0.297698,
0.401293,
0.354675,
0.450294,
0.296966,
0.38598,
0.348083,
0.431791,
0.297742,
0.377408,
0.34176,
0.41759,
0.296278,
0.368743,
0.334859,
0.404203,
0.296587,
0.361689,
0.332341,
0.394577,
0.297855,
0.355502,
0.332877,
0.387778,
0.299609,
0.349979,
0.334157,
0.381822,
0.301676,
0.344965,
0.33637,
0.377057,
0.303938,
0.340574,
0.3388,
0.372765,
0.306542,
0.336651,
0.341468,
0.3693,
0.989708,
1.34393,
0.440711,
0.295154,
0.894847,
0.310666,
1.40816,
0.532976,
1.15526,
0.41726,
0.618708,
0.290274,
0.663436,
0.455405,
0.384742,
0.323557,
0.468404,
0.430048,
0.316997,
0.353799,
0.358583,
0.399635,
0.295171,
0.349574,
0.315159,
0.36792,
0.288237,
0.339577,
0.298468,
0.348436,
0.284486,
0.329563,
0.290362,
0.334752,
0.282129,
0.323275,
0.285892,
0.327084,
0.282189,
0.319644,
0.284823,
0.321774,
0.281704,
0.313761,
0.282693,
0.315503,
0.281518,
0.309332,
0.281743,
0.310921,
0.281433,
0.305619,
0.280915,
0.307096,
0.281763,
0.303392,
0.280492,
0.304829,
0.281326,
0.301185,
0.280296,
0.302217,
0.281269,
0.299061,
0.28114,
0.301037,
0.281637,
0.298688,
0.280788,
0.300055,
0.281517,
0.297502,
0.280063,
0.298927,
0.281144,
0.296676,
0.280287,
0.298466,
0.281709,
0.296052,
0.280489,
0.297516,
0.281418,
0.295165,
0.279746,
0.29624,
0.28089,
0.2942,
0.279687,
0.296047,
0.280949,
0.294291,
0.27967,
0.295452,
0.280868,
0.293629,
0.279483,
0.295258,
0.280523,
0.293769,
0.279396,
0.295685,
0.280695,
0.29515,
0.279325,
0.297599,
0.28036,
0.297086,
0.279745,
0.298831,
0.280717,
0.297032,
0.279497,
0.298949,
0.280645,
0.296743,
0.278921,
0.298613,
0.279966,
0.297166,
0.278872,
0.299159,
0.280222,
0.297108,
0.278565,
0.299376,
0.280056,
0.297467,
0.278632,
0.299748,
0.279441,
0.297588,
0.278001,
0.299886,
0.279394,
0.297646,
0.277802,
0.300482,
0.279413,
0.2984,
0.277768,
0.301442,
0.279509,
0.299416,
0.277552,
0.303133,
0.279555,
0.300792,
0.277747,
0.303501,
0.279649,
0.300048,
0.278443,
0.302863,
0.279906,
0.300797,
0.278062,
0.303498,
0.280144,
0.300442,
0.278176,
0.303496,
0.280455,
0.300373,
0.278424,
0.303091,
0.280905,
0.29971,
0.278643,
0.302751,
0.28117,
0.29939,
0.278742,
0.301961,
0.281403,
0.297631,
0.278753,
0.301133,
0.281034,
0.298205,
0.278563,
0.300809,
0.281447,
0.297421,
0.27878,
0.300743,
0.281581,
0.297186,
0.278932,
0.299978,
0.281759,
0.296239,
0.27908,
0.300113,
0.281799,
0.317932,
1.04454,
1.19876,
1.79558,
0.777239,
0.328794,
0.470729,
0.565381,
0.728065,
0.309721,
0.536137,
0.322246,
0.581306,
0.311176,
0.485341,
0.298705,
0.527026,
0.313264,
0.455341,
0.289394,
0.49481,
0.314711,
0.436554,
0.286076,
0.478566,
0.321856,
0.42256,
0.287322,
0.465566,
0.329441,
0.406815,
0.28983,
0.454538,
0.338831,
0.393795,
0.293457,
0.441837,
0.348398,
0.376019,
0.300025,
0.425599,
0.356744,
0.360907,
0.307076,
0.410409,
0.362798,
0.347585,
0.313485,
0.395481,
0.366909,
0.337307,
0.318587,
0.382934,
0.366757,
0.330167,
0.321427,
0.372398,
0.366245,
0.322663,
0.323933,
0.359036,
0.361319,
0.317125,
0.324188,
0.348165,
0.355888,
0.311536,
0.323625,
0.335644,
0.348636,
0.304636,
0.322245,
0.322519,
0.341391,
0,
0,
0,
0,
0,
0,
0,
0,
0,
0,
0,
0,
0,
0,
0,
0,
0,
0,
0,
0,
0,
0,
0,
0,
0,
0,
0,
0,
0,
0,
0,
0,
0,
0,
0,
0,
0,
0,
0,
0,
0,
0,
0,
0,
0,
0,
0,
0,
0,
0,
0,
0,
0,
0,
0,
0,
0,
0,
0,
0,
0,
0,
0,
0,
0,
0,
0,
0,
0,
0,
0,
0,
0,
0,
0,
0,
0,
0,
0,
0,
0,
0,
0,
0,
0,
0,
0,
0,
0,
0,
0,
0,
0,
0,
0,
0,
0,
0,
0,
0,
0,
0,
0,
0,
0,
0,
0,
0,
0,
0,
0,
0,
0,
0,
0,
0,
0,
0,
0,
0,
0,
0,
0,
0,
0,
0,
0,
0,
0,
0,
0,
0,
0,
0,
0,
0,
0,
0,
0,
0,
0,
0,
0,
0,
0,
0,
0,
0,
0,
0,
0,
0,
0,
0,
0,
0,
0,
0,
0,
0,
0,
0,
0,
0,
0,
0,
0,
0,
0,
0,
0,
0,
0,
0,
0,
0,
0,
0,
0,
0,
0,
0,
0,
0,
0,
0,
0,
0,
0,
0,
0,
0,
0,
0,
0,
0,
0,
0,
0,
0,
0,
0,
0,
0,
0,
0,
0,
0,
0,
0,
0,
0,
0,
0,
0,
0,
0,
0,
0,
0,
0,
0,
0,
0,
0,
0,
0,
0,
0,
0,
0,
0,
0,
0,
0,
0,
0,
0,
0,
0,
0,
0,
0,
0,
0,
0,
0,
0,
0,
0,
0,
0,
0,
0,
0,
0,
0,
0,
0,
0,
0,
0,
0,
0,
0,
0,
0,
0,
0,
0,
0,
0,
0,
0,
0,
0,
0,
0,
0,
0,
0,
0,
0,
0,
0,
0,
0,
0,
0,
0,
0,
0,
0,
0,
0,
0,
0,
0,
0,
0,
0,
0,
0,
0,
0,
0,
0,
0,
0,
0,
0,
0,
0,
0,
0,
0,
0,
0,
0,
0,
0,
0,
0,
0,
0,
0,
0,
0,
0,
0,
0,
0,
0,
0,
0,
0,
0,
0,
0,
0,
0,
0,
0,
0,
0,
0,
0,
0,
0,
0,
0,
0,
0,
0,
0,
0,
0,
0,
0,
0,
0,
0,
0,
0,
0,
0,
0,
0,
0,
0,
0,
0,
0,
0,
0,
0,
0,
0,
0,
0,
0,
0,
0,
0,
0,
0,
0,
0,
0,
0,
0,
0,
0,
0,
0,
0,
0,
0,
0,
0,
0,
0,
0,
0,
0,
0,
0,
0,


Test errors: 
0.504469,
0.294913,
1.45207,
1.41303,
2.35496,
0.67887,
1.12579,
0.294766,
1.16516,
0.605115,
0.50129,
0.279384,
0.760373,
0.453159,
0.56527,
0.287392,
0.748652,
0.381994,
0.573048,
0.282885,
0.717781,
0.37765,
0.536489,
0.280281,
0.682221,
0.385993,
0.512115,
0.277974,
0.670855,
0.397029,
0.495763,
0.27616,
0.666284,
0.414204,
0.474526,
0.276634,
0.661577,
0.438706,
0.446211,
0.285817,
0.622108,
0.463372,
0.372299,
0.307512,
0.534305,
0.473915,
0.342917,
0.321923,
0.49438,
0.470427,
0.341841,
0.323859,
0.489154,
0.46963,
0.336552,
0.326888,
0.478236,
0.466288,
0.330685,
0.329207,
0.455825,
0.451101,
0.326953,
0.332123,
0.415283,
0.426934,
0.302106,
0.334847,
0.362119,
0.400851,
0.294662,
0.333893,
0.327929,
0.370742,
0.28722,
0.325459,
0.297121,
0.275791,
0.524852,
0.539643,
1.13732,
0.678407,
0.393317,
1.11339,
0.29064,
0.897751,
0.597587,
1.16649,
0.397929,
0.740143,
0.327545,
0.859275,
0.395319,
0.609554,
0.299451,
0.747299,
0.384519,
0.583607,
0.295475,
0.720912,
0.378826,
0.572233,
0.293957,
0.709156,
0.374831,
0.562418,
0.292227,
0.699245,
0.372738,
0.552784,
0.290458,
0.689124,
0.371033,
0.546721,
0.28928,
0.68157,
0.370301,
0.540661,
0.288023,
0.672595,
0.372279,
0.533034,
0.289391,
0.66325,
0.370587,
0.504049,
0.290239,
0.602704,
0.354853,
0.434967,
0.286624,
0.517702,
0.361507,
0.380885,
0.294586,
0.444188,
0.363441,
0.339605,
0.308728,
0.383267,
0.359657,
0.314774,
0.314754,
0.347048,
0.352522,
0.303294,
0.316175,
0.327498,
0.345068,
0.296472,
0.313728,
0.316453,
0.339175,
0.292953,
0.311735,
0.309394,
0.333892,
0.29089,
0.309669,
0.304772,
0.329598,
0.289468,
0.307679,
0.301602,
0.32612,
0.28848,
0.305946,
0.299382,
0.323278,
0.287808,
0.304472,
0.297771,
0.320938,
0.287307,
0.30323,
0.296508,
0.318844,
0.286917,
0.302188,
0.295604,
0.317191,
0.286654,
0.301306,
0.295007,
0.315744,
0.28655,
0.300503,
0.294501,
0.314434,
0.286431,
0.299789,
0.294117,
0.313268,
0.286348,
0.298969,
0.293709,
0.312067,
0.286347,
0.298478,
0.293717,
0.311331,
0.286291,
0.298272,
0.293816,
0.310864,
0.286267,
0.297701,
0.293714,
0.310155,
0.286052,
0.296921,
0.293524,
0.309388,
0.286036,
0.296575,
0.293616,
0.308786,
0.286156,
0.29611,
0.293614,
0.308174,
0.286183,
0.29586,
0.293832,
0.30769,
0.286309,
0.295656,
0.293855,
0.307177,
0.286545,
0.295471,
0.294215,
0.306827,
0.286705,
0.295177,
0.294599,
0.306463,
0.287005,
0.295019,
0.294955,
0.306207,
0.287324,
0.294961,
0.295387,
0.305934,
0.2875,
0.29483,
0.295709,
0.305872,
0.287821,
0.294716,
0.295996,
0.305571,
0.288076,
0.294603,
0.296413,
0.30545,
0.288263,
0.294489,
0.296625,
0.30518,
0.288496,
0.294366,
0.296704,
0.304825,
0.288748,
0.294277,
0.33739,
1.21776,
1.86263,
0.513294,
0.972816,
0.293816,
0.935691,
0.62444,
0.324292,
0.391127,
0.495075,
0.567439,
0.297873,
0.406435,
0.388887,
0.502894,
0.296784,
0.391395,
0.369452,
0.470776,
0.294147,
0.374295,
0.360439,
0.450536,
0.29304,
0.365332,
0.354147,
0.436621,
0.292602,
0.357266,
0.346458,
0.422253,
0.292467,
0.350396,
0.343978,
0.412248,
0.293559,
0.344627,
0.344488,
0.40455,
0.294802,
0.339326,
0.345708,
0.397987,
0.296199,
0.334346,
0.348024,
0.392492,
0.297648,
0.329979,
0.35071,
0.388164,
0.299984,
0.326596,
0.354022,
0.304944,
1.05122,
1.41882,
0.404124,
0.291875,
0.94211,
0.316976,
1.3376,
0.561067,
1.22317,
0.424857,
0.558861,
0.280753,
0.692198,
0.474446,
0.353041,
0.303059,
0.486463,
0.445404,
0.300112,
0.335924,
0.369343,
0.411986,
0.282597,
0.329198,
0.317825,
0.377676,
0.279311,
0.322709,
0.301217,
0.358342,
0.278277,
0.315299,
0.291425,
0.343282,
0.276407,
0.307957,
0.284478,
0.332585,
0.278514,
0.309346,
0.286641,
0.330977,
0.279531,
0.302465,
0.282588,
0.323764,
0.27986,
0.297868,
0.280782,
0.318199,
0.279573,
0.29446,
0.278528,
0.313228,
0.281013,
0.293683,
0.277686,
0.308778,
0.279149,
0.290433,
0.276476,
0.306964,
0.28021,
0.288759,
0.275052,
0.303831,
0.280828,
0.289579,
0.277,
0.304123,
0.280495,
0.288073,
0.275893,
0.302514,
0.280198,
0.287447,
0.276702,
0.302659,
0.282297,
0.287436,
0.276596,
0.301994,
0.281595,
0.28685,
0.276349,
0.3014,
0.281469,
0.28574,
0.276272,
0.300745,
0.281788,
0.286283,
0.276207,
0.300833,
0.281818,
0.285333,
0.275871,
0.300203,
0.28159,
0.285683,
0.276244,
0.300803,
0.282078,
0.287098,
0.276509,
0.301603,
0.281813,
0.291404,
0.279998,
0.307475,
0.284044,
0.291249,
0.279287,
0.307338,
0.283713,
0.289641,
0.278176,
0.305985,
0.283266,
0.290746,
0.278724,
0.307219,
0.282824,
0.290887,
0.278428,
0.308309,
0.283919,
0.291144,
0.27742,
0.307519,
0.282014,
0.290549,
0.276878,
0.308221,
0.282301,
0.290733,
0.276929,
0.308775,
0.282595,
0.29161,
0.276906,
0.30935,
0.282118,
0.292468,
0.277006,
0.311084,
0.282617,
0.294135,
0.277336,
0.31313,
0.283653,
0.293509,
0.27644,
0.311831,
0.28456,
0.295689,
0.279318,
0.314015,
0.285045,
0.295287,
0.279221,
0.313715,
0.28566,
0.295083,
0.27903,
0.313309,
0.285838,
0.29381,
0.278435,
0.312685,
0.28639,
0.293489,
0.278488,
0.31183,
0.286563,
0.291966,
0.277066,
0.308955,
0.286343,
0.293022,
0.278053,
0.309769,
0.285745,
0.291643,
0.277615,
0.30896,
0.286739,
0.292411,
0.278232,
0.30929,
0.287663,
0.291392,
0.277929,
0.307957,
0.290737,
0.322932,
1.01945,
1.27061,
1.88503,
0.827093,
0.338634,
0.474235,
0.601983,
0.774237,
0.325928,
0.538154,
0.338299,
0.616734,
0.326009,
0.489917,
0.310656,
0.557961,
0.327401,
0.456407,
0.298073,
0.52446,
0.328104,
0.431497,
0.291943,
0.504662,
0.334986,
0.418721,
0.291327,
0.491589,
0.3438,
0.403339,
0.292486,
0.478901,
0.352977,
0.387823,
0.294571,
0.466543,
0.364024,
0.368724,
0.297315,
0.448005,
0.37233,
0.352673,
0.303147,
0.429964,
0.378486,
0.338432,
0.307339,
0.413722,
0.38246,
0.328952,
0.311516,
0.400467,
0.383751,
0.321805,
0.312916,
0.389299,
0.382211,
0.313337,
0.314248,
0.374891,
0.377578,
0.309251,
0.316434,
0.362911,
0.37119,
0.303776,
0.314849,
0.348616,
0.363024,
0.297247,
0.312163,
0.333905,
0.300407,
0.289358,
0.331068,
0.547701,
0.510848,
1.07826,
0.689537,
0.377177,
1.05673,
0.287175,
0.914798,
0.567806,
1.10488,
0.384327,
0.759059,
0.317248,
0.813717,
0.378415,
0.625959,
0.293905,
0.709619,
0.37032,
0.600668,
0.291715,
0.684911,
0.365494,
0.591833,
0.290723,
0.673517,
0.361932,
0.583823,
0.289877,
0.664769,
0.360381,
0.574348,
0.288842,
0.655267,
0.359382,
0.568519,
0.288128,
0.647976,
0.358582,
0.562744,
0.28724,
0.639554,
0.359288,
0.554747,
0.287468,
0.627021,
0.356573,
0.525254,
0.286671,
0.569198,
0.340675,
0.448586,
0.286522,
0.490896,
0.346909,
0.38959,
0.295976,
0.42237,
0.347576,
0.342166,
0.309181,
0.365629,
0.344155,
0.316214,
0.316306,
0.332924,
0.337857,
0.303372,
0.317327,
0.315586,
0.331517,
0.297024,
0.316731,
0.306463,
0.326524,
0.293136,
0.314505,
0.300454,
0.321907,
0.290694,
0.312293,
0.296637,
0.318192,
0.289108,
0.310283,
0.294097,
0.315207,
0.288034,
0.308523,
0.292343,
0.312779,
0.287278,
0.306993,
0.291091,
0.310775,
0.286708,
0.30556,
0.29007,
0.308948,
0.286179,
0.30434,
0.289345,
0.307523,
0.285889,
0.303343,
0.288836,
0.306312,
0.285648,
0.302374,
0.288413,
0.305171,
0.285464,
0.301519,
0.288101,
0.304025,
0.285262,
0.300643,
0.287872,
0.303141,
0.285267,
0.299941,
0.287819,
0.302475,
0.285307,
0.299434,
0.287703,
0.301965,
0.285249,
0.298974,
0.28766,
0.301384,
0.28523,
0.298353,
0.287556,
0.300698,
0.28516,
0.297801,
0.287545,
0.300012,
0.285155,
0.297272,
0.287537,
0.299562,
0.285241,
0.296781,
0.2876,
0.298988,
0.285188,
0.29626,
0.287582,
0.298621,
0.285328,
0.295846,
0.287729,
0.298144,
0.285541,
0.2954,
0.287882,
0.297663,
0.285575,
0.295083,
0.28806,
0.297406,
0.285718,
0.294743,
0.288262,
0.297106,
0.285917,
0.294424,
0.288432,
0.296725,
0.286008,
0.294014,
0.288533,
0.296436,
0.286134,
0.29372,
0.288597,
0.296113,
0.286181,
0.293403,
0.288698,
0.295814,
0.28626,
0.293089,
0.288842,
0.295531,
0.28642,
0.292787,
0.289039,
1.14314,
1.75943,
0.491378,
1.00841,
0.293063,
0.879284,
0.589311,
0.324855,
0.393548,
0.469062,
0.538801,
0.29818,
0.418913,
0.372017,
0.480334,
0.297698,
0.401293,
0.354675,
0.450294,
0.296966,
0.38598,
0.348083,
0.431791,
0.297742,
0.377408,
0.34176,
0.41759,
0.296278,
0.368743,
0.334859,
0.404203,
0.296587,
0.361689,
0.332341,
0.394577,
0.297855,
0.355502,
0.332877,
0.387778,
0.299609,
0.349979,
0.334157,
0.381822,
0.301676,
0.344965,
0.33637,
0.377057,
0.303938,
0.340574,
0.3388,
0.372765,
0.306542,
0.336651,
0.341468,
0.3693,
0.989708,
1.34393,
0.440711,
0.295154,
0.894847,
0.310666,
1.40816,
0.532976,
1.15526,
0.41726,
0.618708,
0.290274,
0.663436,
0.455405,
0.384742,
0.323557,
0.468404,
0.430048,
0.316997,
0.353799,
0.358583,
0.399635,
0.295171,
0.349574,
0.315159,
0.36792,
0.288237,
0.339577,
0.298468,
0.348436,
0.284486,
0.329563,
0.290362,
0.334752,
0.282129,
0.323275,
0.285892,
0.327084,
0.282189,
0.319644,
0.284823,
0.321774,
0.281704,
0.313761,
0.282693,
0.315503,
0.281518,
0.309332,
0.281743,
0.310921,
0.281433,
0.305619,
0.280915,
0.307096,
0.281763,
0.303392,
0.280492,
0.304829,
0.281326,
0.301185,
0.280296,
0.302217,
0.281269,
0.299061,
0.28114,
0.301037,
0.281637,
0.298688,
0.280788,
0.300055,
0.281517,
0.297502,
0.280063,
0.298927,
0.281144,
0.296676,
0.280287,
0.298466,
0.281709,
0.296052,
0.280489,
0.297516,
0.281418,
0.295165,
0.279746,
0.29624,
0.28089,
0.2942,
0.279687,
0.296047,
0.280949,
0.294291,
0.27967,
0.295452,
0.280868,
0.293629,
0.279483,
0.295258,
0.280523,
0.293769,
0.279396,
0.295685,
0.280695,
0.29515,
0.279325,
0.297599,
0.28036,
0.297086,
0.279745,
0.298831,
0.280717,
0.297032,
0.279497,
0.298949,
0.280645,
0.296743,
0.278921,
0.298613,
0.279966,
0.297166,
0.278872,
0.299159,
0.280222,
0.297108,
0.278565,
0.299376,
0.280056,
0.297467,
0.278632,
0.299748,
0.279441,
0.297588,
0.278001,
0.299886,
0.279394,
0.297646,
0.277802,
0.300482,
0.279413,
0.2984,
0.277768,
0.301442,
0.279509,
0.299416,
0.277552,
0.303133,
0.279555,
0.300792,
0.277747,
0.303501,
0.279649,
0.300048,
0.278443,
0.302863,
0.279906,
0.300797,
0.278062,
0.303498,
0.280144,
0.300442,
0.278176,
