FINAL REPORT
************
Train error (Mean +- SD): 0.291971 +- 1.63893e-05
Test error (Mean +- SD): 0.301785 +- 3.14376e-05
Train CCR (Mean +- SD): 0.722222 +- 0
Test CCR (Mean +- SD): 0.706897 +- 0
CONVERGENCE DATA
****************


Iterations: 
1,
2,
3,
4,
5,
6,
7,
8,
9,
10,
11,
12,
13,
14,
15,
16,
17,
18,
19,
20,
21,
22,
23,
24,
25,
26,
27,
28,
29,
30,
31,
32,
33,
34,
35,
36,
37,
38,
39,
40,
41,
42,
43,
44,
45,
46,
47,
48,
49,
50,
51,
52,
53,
54,
55,
56,
57,
58,
59,
60,
61,
62,
63,
64,
65,
66,
67,
68,
69,
70,
71,
72,
73,
74,
75,
76,
77,
78,
79,
80,
81,
82,
83,
84,
85,
86,
87,
88,
89,
90,
91,
92,
93,
94,
95,
96,
97,
98,
99,
100,
101,
102,
103,
104,
105,
106,
107,
108,
109,
110,
111,
112,
113,
114,
115,
116,
117,
118,
119,
120,
121,
122,
123,
124,
125,
126,
127,
128,
129,
130,
131,
132,
133,
134,
135,
136,
137,
138,
139,
140,
141,
142,
143,
144,
145,
146,
147,
148,
149,
150,
151,
152,
153,
154,
155,
156,
157,
158,
159,
160,
161,
162,
163,
164,
165,
166,
167,
168,
169,
170,
171,
172,
173,
174,
175,
176,
177,
178,
179,
180,
181,
182,
183,
184,
185,
186,
187,
188,
189,
190,
191,
192,
193,
194,
195,
196,
197,
198,
199,
200,
201,
202,
203,
204,
205,
206,
207,
208,
209,
210,
211,
212,
213,
214,
215,
216,
217,
218,
219,
220,
221,
222,
223,
224,
225,
226,
227,
228,
229,
230,
231,
232,
233,
234,
235,
236,
237,
238,
239,
240,
241,
242,
243,
244,
245,
246,
247,
248,
249,
250,
251,
252,
253,
254,
255,
256,
257,
258,
259,
260,
261,
262,
263,
264,
265,
266,
267,
268,
269,
270,
271,
272,
273,
274,
275,
276,
277,
278,
279,
280,
281,
282,
283,
284,
285,
286,
287,
288,
289,
290,
291,
292,
293,
294,
295,
296,
297,
298,
299,
300,
301,
302,
303,
304,
305,
306,
307,
308,
309,
310,
311,
312,
313,
314,
315,
316,
317,
318,
319,
320,
321,
322,
323,
324,
325,
326,
327,
328,
329,
330,
331,
332,
333,
334,
335,
336,
337,
338,
339,
340,
341,
342,
343,
344,
345,
346,
347,
348,
349,
350,
351,
352,
353,
354,
355,
356,
357,
358,
359,
360,
361,
362,
363,
364,
365,
366,
367,
368,
369,
370,
371,
372,
373,
374,
375,
376,
377,
378,
379,
380,
381,
382,
383,
384,
385,
386,
387,
388,
389,
390,
391,
392,
393,
394,
395,
396,
397,
398,
399,
400,
401,
402,
403,
404,
405,
406,
407,
408,
409,
410,
411,
412,
413,
414,
415,
416,
417,
418,
419,
420,
421,
422,
423,
424,
425,
426,
427,
428,
429,
430,
431,
432,
433,
434,
435,
436,
437,
438,
439,
440,
441,
442,
443,
444,
445,
446,
447,
448,
449,
450,
451,
452,
453,
454,
455,
456,
457,
458,
459,
460,
461,
462,
463,
464,
465,
466,
467,
468,
469,
470,
471,
472,
473,
474,
475,
476,
477,
478,
479,
480,
481,
482,
483,
484,
485,
486,
487,
488,
489,
490,
491,
492,
493,
494,
495,
496,
497,
498,
499,
500,
501,
502,
503,
504,
505,
506,
507,
508,
509,
510,
511,
512,
513,
514,
515,
516,
517,
518,
519,
520,
521,
522,
523,
524,
525,
526,
527,
528,
529,
530,
531,
532,
533,
534,
535,
536,
537,
538,
539,
540,
541,
542,
543,
544,
545,
546,
547,
548,
549,
550,
551,
552,
553,
554,
555,
556,
557,
558,
559,
560,
561,
562,
563,
564,
565,
566,
567,
568,
569,
570,
571,
572,
573,
574,
575,
576,
577,
578,
579,
580,
581,
582,
583,
584,
585,
586,
587,
588,
589,
590,
591,
592,
593,
594,
595,
596,
597,
598,
599,
600,
601,
602,
603,
604,
605,
606,
607,
608,
609,
610,
611,
612,
613,
614,
615,
616,
617,
618,
619,
620,
621,
622,
623,
624,
625,
626,
627,
628,
629,
630,
631,
632,
633,
634,
635,
636,
637,
638,
639,
640,
641,
642,
643,
644,
645,
646,
647,
648,
649,
650,
651,
652,
653,
654,
655,
656,
657,
658,
659,
660,
661,
662,
663,
664,
665,
666,
667,
668,
669,
670,
671,
672,
673,
674,
675,
676,
677,
678,
679,
680,
681,
682,
683,
684,
685,
686,
687,
688,
689,
690,
691,
692,
693,
694,
695,
696,
697,
698,
699,
700,
701,
702,
703,
704,
705,
706,
707,
708,
709,
710,
711,
712,
713,
714,
715,
716,
717,
718,
719,
720,
721,
722,
723,
724,
725,
726,
727,
728,
729,
730,
731,
732,
733,
734,
735,
736,
737,
738,
739,
740,
741,
742,
743,
744,
745,
746,
747,
748,
749,
750,
751,
752,
753,
754,
755,
756,
757,
758,
759,
760,
761,
762,
763,
764,
765,
766,
767,
768,
769,
770,
771,
772,
773,
774,
775,
776,
777,
778,
779,
780,
781,
782,
783,
784,
785,
786,
787,
788,
789,
790,
791,
792,
793,
794,
795,
796,
797,
798,
799,
800,
801,
802,
803,
804,
805,
806,
807,
808,
809,
810,
811,
812,
813,
814,
815,
816,
817,
818,
819,
820,
821,
822,
823,
824,
825,
826,
827,
828,
829,
830,
831,
832,
833,
834,
835,
836,
837,
838,
839,
840,
841,
842,
843,
844,
845,
846,
847,
848,
849,
850,
851,
852,
853,
854,
855,
856,
857,
858,
859,
860,
861,
862,
863,
864,
865,
866,
867,
868,
869,
870,
871,
872,
873,
874,
875,
876,
877,
878,
879,
880,
881,
882,
883,
884,
885,
886,
887,
888,
889,
890,
891,
892,
893,
894,
895,
896,
897,
898,
899,
900,
901,
902,
903,
904,
905,
906,
907,
908,
909,
910,
911,
912,
913,
914,
915,
916,
917,
918,
919,
920,
921,
922,
923,
924,
925,
926,
927,
928,
929,
930,
931,
932,
933,
934,
935,
936,
937,
938,
939,
940,
941,
942,
943,
944,
945,
946,
947,
948,
949,
950,
951,
952,
953,
954,
955,
956,
957,
958,
959,
960,
961,
962,
963,
964,
965,
966,
967,
968,
969,
970,
971,
972,
973,
974,
975,
976,
977,
978,
979,
980,
981,
982,
983,
984,
985,
986,
987,
988,
989,
990,
991,
992,
993,
994,
995,
996,
997,
998,
999,
1000,


Train errors: 
0.307441,
0.29941,
0.296471,
0.295705,
0.295538,
0.295502,
0.295499,
0.295498,
0.295501,
0.295503,
0.295504,
0.295503,
0.295504,
0.295503,
0.295504,
0.295506,
0.295506,
0.295503,
0.295503,
0.295507,
0.295505,
0.295507,
0.295508,
0.295503,
0.295499,
0.295504,
0.295499,
0.295511,
0.295503,
0.295514,
0.295522,
0.295497,
0.295514,
0.295501,
0.295514,
0.295521,
0.295494,
0.295516,
0.295499,
0.295511,
0.295517,
0.295491,
0.295517,
0.295492,
0.295497,
0.295494,
0.295492,
0.295489,
0.29549,
0.295489,
0.295487,
0.29549,
0.295486,
0.295487,
0.295485,
0.295486,
0.295486,
0.295485,
0.295484,
0.295485,
0.295485,
0.295483,
0.295483,
0.295483,
0.295484,
0.295482,
0.295482,
0.295482,
0.295483,
0.295481,
0.295481,
0.295481,
0.295482,
0.29548,
0.295479,
0.295479,
0.29548,
0.295478,
0.295478,
0.295478,
0.295479,
0.295477,
0.295477,
0.295477,
0.295478,
0.295476,
0.295476,
0.295475,
0.295477,
0.295475,
0.295474,
0.295474,
0.295476,
0.295474,
0.295473,
0.295473,
0.295474,
0.295473,
0.295472,
0.295472,
0.295473,
0.295471,
0.295471,
0.29547,
0.295472,
0.29547,
0.295469,
0.295469,
0.29547,
0.295469,
0.295468,
0.295468,
0.295469,
0.295468,
0.295467,
0.295467,
0.295467,
0.295467,
0.295466,
0.295465,
0.295466,
0.295466,
0.295465,
0.295464,
0.295465,
0.295464,
0.295463,
0.295463,
0.295463,
0.295463,
0.295462,
0.295462,
0.295462,
0.295462,
0.295461,
0.29546,
0.29546,
0.29546,
0.29546,
0.295459,
0.295459,
0.295459,
0.295459,
0.295458,
0.295458,
0.295458,
0.295457,
0.295457,
0.295457,
0.295456,
0.295456,
0.295456,
0.295455,
0.295455,
0.295455,
0.295455,
0.295454,
0.295454,
0.295454,
0.295453,
0.295453,
0.295453,
0.295452,
0.295452,
0.295452,
0.295451,
0.295451,
0.295451,
0.295451,
0.29545,
0.29545,
0.29545,
0.295449,
0.295449,
0.295449,
0.295448,
0.295448,
0.295448,
0.295448,
0.295447,
0.295447,
0.295447,
0.295446,
0.295446,
0.295446,
0.295446,
0.295445,
0.295445,
0.295445,
0.295445,
0.295444,
0.295444,
0.295444,
0.295444,
0.295443,
0.295443,
0.295443,
0.295443,
0.295443,
0.295442,
0.295442,
0.295442,
0.295442,
0.295442,
0.295441,
0.295441,
0.295441,
0.295441,
0.295441,
0.295441,
0.295441,
0.295441,
0.29544,
0.29544,
0.29544,
0.29544,
0.29544,
0.29544,
0.29544,
0.29544,
0.29544,
0.29544,
0.29544,
0.295441,
0.295441,
0.295441,
0.295441,
0.295441,
0.295441,
0.295441,
0.295442,
0.295442,
0.295442,
0.295442,
0.295443,
0.295443,
0.295443,
0.295443,
0.295444,
0.295444,
0.295444,
0.295444,
0.295444,
0.295444,
0.295444,
0.295443,
0.295443,
0.295442,
0.29544,
0.295439,
0.295437,
0.295436,
0.295435,
0.295435,
0.295435,
0.295435,
0.295436,
0.295436,
0.295437,
0.295438,
0.295439,
0.29544,
0.295441,
0.295442,
0.295443,
0.295444,
0.295446,
0.295447,
0.295449,
0.295451,
0.295453,
0.295455,
0.295457,
0.29546,
0.295463,
0.295467,
0.295471,
0.295476,
0.295482,
0.295487,
0.295492,
0.295495,
0.295497,
0.295498,
0.295499,
0.2955,
0.295501,
0.295502,
0.295504,
0.295505,
0.295506,
0.295508,
0.295509,
0.29551,
0.295512,
0.295513,
0.295515,
0.295517,
0.295519,
0.295523,
0.29553,
0.295538,
0.295541,
0.295542,
0.295543,
0.295544,
0.295545,
0.295546,
0.295548,
0.295549,
0.29555,
0.295552,
0.295554,
0.295555,
0.295557,
0.29556,
0.303731,
0.295981,
0.297712,
0.296229,
0.295752,
0.295855,
0.295766,
0.295727,
0.295726,
0.295719,
0.295715,
0.295711,
0.295706,
0.295701,
0.295696,
0.295692,
0.295688,
0.295683,
0.295679,
0.295674,
0.29567,
0.295666,
0.295661,
0.295657,
0.295652,
0.295648,
0.295643,
0.295639,
0.295635,
0.29563,
0.295626,
0.295622,
0.295617,
0.295613,
0.295608,
0.295604,
0.2956,
0.295595,
0.295591,
0.295587,
0.295582,
0.295578,
0.295573,
0.295569,
0.295565,
0.29556,
0.295556,
0.295552,
0.295547,
0.295543,
0.295538,
0.295534,
0.29553,
0.295525,
0.295521,
0.295517,
0.295512,
0.295508,
0.295504,
0.295499,
0.295495,
0.29549,
0.295486,
0.295482,
0.295477,
0.295473,
0.295469,
0.295464,
0.29546,
0.295455,
0.295451,
0.295447,
0.295442,
0.295438,
0.295433,
0.295429,
0.295425,
0.29542,
0.295416,
0.295411,
0.295407,
0.295402,
0.295398,
0.295393,
0.295389,
0.295385,
0.29538,
0.295376,
0.295371,
0.295367,
0.295362,
0.295358,
0.295353,
0.295349,
0.295344,
0.29534,
0.295335,
0.295331,
0.295326,
0.295321,
0.295317,
0.295312,
0.295308,
0.295303,
0.295298,
0.295294,
0.295289,
0.295285,
0.29528,
0.295275,
0.295271,
0.295266,
0.295261,
0.295257,
0.295252,
0.295247,
0.295242,
0.295238,
0.295233,
0.295228,
0.295223,
0.295219,
0.295214,
0.295209,
0.295204,
0.295199,
0.295194,
0.295189,
0.295185,
0.29518,
0.295175,
0.29517,
0.295165,
0.29516,
0.295155,
0.29515,
0.295145,
0.29514,
0.295135,
0.29513,
0.295125,
0.29512,
0.295114,
0.295109,
0.295104,
0.295099,
0.295094,
0.295089,
0.295083,
0.295078,
0.295073,
0.295068,
0.295062,
0.295057,
0.295052,
0.295046,
0.295041,
0.295035,
0.29503,
0.295024,
0.295019,
0.295013,
0.295008,
0.295002,
0.294997,
0.294991,
0.294986,
0.29498,
0.294974,
0.294969,
0.294963,
0.294957,
0.294951,
0.294946,
0.29494,
0.294934,
0.294928,
0.294922,
0.294916,
0.29491,
0.294904,
0.294898,
0.294892,
0.294886,
0.29488,
0.294874,
0.294868,
0.294862,
0.294855,
0.294849,
0.294843,
0.294837,
0.29483,
0.294824,
0.294818,
0.294811,
0.294805,
0.294798,
0.294792,
0.294785,
0.294779,
0.294772,
0.294765,
0.294759,
0.294752,
0.294745,
0.294738,
0.294732,
0.294725,
0.294718,
0.294711,
0.294704,
0.294697,
0.29469,
0.294683,
0.294676,
0.294669,
0.294662,
0.294655,
0.294647,
0.29464,
0.294633,
0.294625,
0.294618,
0.294611,
0.294603,
0.294596,
0.294588,
0.294581,
0.294573,
0.294565,
0.294558,
0.29455,
0.294542,
0.294534,
0.294527,
0.294519,
0.294511,
0.294503,
0.294495,
0.294487,
0.294479,
0.294471,
0.294463,
0.294454,
0.294446,
0.294438,
0.29443,
0.294421,
0.294413,
0.294404,
0.294396,
0.294388,
0.294379,
0.29437,
0.294362,
0.294353,
0.294344,
0.294336,
0.294327,
0.294318,
0.294309,
0.2943,
0.294291,
0.294282,
0.294273,
0.294264,
0.294255,
0.294246,
0.294237,
0.294227,
0.294218,
0.294209,
0.294199,
0.29419,
0.294181,
0.294171,
0.294161,
0.294152,
0.294142,
0.294133,
0.294123,
0.294113,
0.294103,
0.294094,
0.294084,
0.294074,
0.294064,
0.294054,
0.294044,
0.294034,
0.294024,
0.294013,
0.294003,
0.293993,
0.293983,
0.293972,
0.293962,
0.293952,
0.293941,
0.293931,
0.29392,
0.29391,
0.293899,
0.293888,
0.293878,
0.293867,
0.293856,
0.293845,
0.293835,
0.293824,
0.293813,
0.293802,
0.293791,
0.29378,
0.293769,
0.293758,
0.293746,
0.293735,
0.293724,
0.293713,
0.293701,
0.29369,
0.293679,
0.293667,
0.293656,
0.293644,
0.293633,
0.293621,
0.29361,
0.293598,
0.293586,
0.293575,
0.293563,
0.293551,
0.29354,
0.293528,
0.293516,
0.293504,
0.293492,
0.29348,
0.293468,
0.293456,
0.293444,
0.293432,
0.29342,
0.293408,
0.293395,
0.293383,
0.293371,
0.293359,
0.293346,
0.293334,
0.293322,
0.293309,
0.293297,
0.293284,
0.293272,
0.293259,
0.293247,
0.293234,
0.293222,
0.293209,
0.293196,
0.293184,
0.293171,
0.293158,
0.293146,
0.293133,
0.29312,
0.293107,
0.293094,
0.293081,
0.293069,
0.293056,
0.293043,
0.29303,
0.293017,
0.293004,
0.292991,
0.292978,
0.292965,
0.292952,
0.292938,
0.292925,
0.292912,
0.292899,
0.292886,
0.292873,
0.292859,
0.292846,
0.292833,
0.29282,
0.292806,
0.292793,
0.29278,
0.292766,
0.292753,
0.29274,
0.292726,
0.292713,
0.292699,
0.292686,
0.292672,
0.292659,
0.292646,
0.292632,
0.292619,
0.292605,
0.292592,
0.292578,
0.292564,
0.292551,
0.292537,
0.292524,
0.29251,
0.292497,
0.292483,
0.292469,
0.292456,
0.292442,
0.292429,
0.292415,
0.292401,
0.292388,
0.292374,
0.29236,
0.292347,
0.292333,
0.292319,
0.292306,
0.292292,
0.292278,
0.292265,
0.292251,
0.292237,
0.292224,
0.29221,
0.292196,
0.292183,
0.292169,
0.292155,
0.292141,
0.292128,
0.292114,
0.2921,
0.292087,
0.292073,
0.292059,
0.292046,
0.292032,
0.292018,
0.292005,
0.291991,
0.291977,
0.291964,
0.29195,
0.291936,
0.291923,
0.291909,
0.291895,
0.291882,
0.291868,
0.291855,
0.291841,
0.291827,
0.291814,
0.2918,
0.291787,
0.291773,
0.29176,
0.291746,
0.291733,
0.291719,
0.291705,
0.291692,
0.291679,
0.291665,
0.291652,
0.291638,
0.291625,
0.291611,
0.291598,
0.291585,
0.291571,
0.291558,
0.291544,
0.291531,
0.291518,
0.291505,
0.291491,
0.291478,
0.291465,
0.291452,
0.291438,
0.291425,
0.291412,
0.291399,
0.291386,
0.291373,
0.291359,
0.291346,
0.291333,
0.29132,
0.291307,
0.291294,
0.291281,
0.291268,
0.291255,
0.291242,
0.29123,
0.291217,
0.291204,
0.291191,
0.291178,
0.291165,
0.291153,
0.29114,
0.291127,
0.291115,
0.291102,
0.291089,
0.291077,
0.291064,
0.291051,
0.291039,
0.291026,
0.291014,
0.291001,
0.290989,
0.290977,
0.290964,
0.290952,
0.29094,
0.290927,
0.290915,
0.290903,
0.290891,
0.290878,
0.290866,
0.290854,
0.290842,
0.29083,
0.290818,
0.290806,
0.290794,
0.290782,
0.29077,
0.290758,
0.290746,
0.290734,
0.290722,
0.290711,
0.290699,
0.290687,
0.290676,
0.290664,
0.290652,
0.290641,
0.290629,
0.290618,
0.290606,
0.290595,
0.290583,
0.290572,
0.29056,
0.290549,
0.290538,
0.290526,
0.290515,
0.290504,
0.290493,
0.290482,
0.29047,
0.290459,
0.290448,
0.290437,
0.290426,
0.290415,
0.290404,
0.290394,
0.290383,
0.290372,
0.290361,
0.29035,
0.29034,
0.290329,
0.290318,
0.290308,
0.290297,
0.290287,
0.290276,
0.290266,
0.290255,
0.290245,
0.290234,
0.290224,
0.290214,
0.290203,
0.290193,
0.290183,
0.290173,
0.290163,
0.290152,
0.290142,
0.290132,
0.290122,
0.290112,
0.290102,
0.290093,
0.290083,
0.290073,
0.290063,
0.290053,
0.290044,
0.290034,
0.290024,
0.290015,
0.290005,
0.289995,
0.289986,
0.289976,
0.289967,
0.289958,
0.289948,
0.289939,
0.28993,
0.28992,
0.289911,
0.289902,
0.289893,
0.289883,
0.289874,
0.289865,
0.289856,
0.289847,
0.289838,
0.289829,
0.28982,
0.289812,
0.289803,
0.289794,
0.289785,
0.289776,
0.289768,
0.289759,
0.28975,
0.289742,
0.289733,
0.289725,
0.289716,
0.289708,
0.289699,
0.289691,
0.289682,
0.289674,
0.289666,
0.289657,
0.289649,
0.289641,
0.289633,
0.289625,
0.289617,
0.289608,
0.2896,
0.289592,
0.289584,
0.289576,
0.289569,
0.289561,
0.289553,
0.289545,
0.289537,
0.289529,
0.289522,
0.289514,
0.289506,
0.289499,
0.289491,
0.289483,
0.289476,
0.289468,
0.289461,
0.289453,


Test errors: 
0.312752,
0.306276,
0.3044,
0.304208,
0.304322,
0.304422,
0.304481,
0.304505,
0.304521,
0.304526,
0.304524,
0.304517,
0.304514,
0.30451,
0.304506,
0.304507,
0.304505,
0.304493,
0.304488,
0.304493,
0.304487,
0.30447,
0.304466,
0.304478,
0.304469,
0.304452,
0.304456,
0.304475,
0.30446,
0.304433,
0.304431,
0.304445,
0.304478,
0.304455,
0.304413,
0.304407,
0.304432,
0.304472,
0.304443,
0.304391,
0.304384,
0.304423,
0.304463,
0.304428,
0.304381,
0.304382,
0.304421,
0.304411,
0.304378,
0.30438,
0.304399,
0.30441,
0.30439,
0.304375,
0.304387,
0.304402,
0.304399,
0.304384,
0.304385,
0.304397,
0.304396,
0.304383,
0.304381,
0.304393,
0.304394,
0.304381,
0.304378,
0.304389,
0.304391,
0.304379,
0.304374,
0.304384,
0.304389,
0.304377,
0.30437,
0.30438,
0.304386,
0.304375,
0.304367,
0.304376,
0.304383,
0.304373,
0.304364,
0.304373,
0.30438,
0.304371,
0.304361,
0.304369,
0.304377,
0.304369,
0.304359,
0.304366,
0.304374,
0.304366,
0.304357,
0.304363,
0.304371,
0.304364,
0.304355,
0.30436,
0.304368,
0.304362,
0.304353,
0.304358,
0.304365,
0.30436,
0.304352,
0.304355,
0.304362,
0.304358,
0.30435,
0.304352,
0.304359,
0.304356,
0.304349,
0.30435,
0.304356,
0.304354,
0.304348,
0.304348,
0.304353,
0.304352,
0.304347,
0.304346,
0.30435,
0.30435,
0.304346,
0.304344,
0.304347,
0.304348,
0.304344,
0.304342,
0.304344,
0.304346,
0.304343,
0.304341,
0.304342,
0.304343,
0.304342,
0.304339,
0.304339,
0.304341,
0.30434,
0.304338,
0.304338,
0.304338,
0.304338,
0.304337,
0.304336,
0.304336,
0.304336,
0.304335,
0.304334,
0.304334,
0.304334,
0.304333,
0.304332,
0.304332,
0.304332,
0.304331,
0.304331,
0.30433,
0.30433,
0.304329,
0.304329,
0.304329,
0.304328,
0.304328,
0.304327,
0.304327,
0.304326,
0.304326,
0.304325,
0.304325,
0.304325,
0.304324,
0.304324,
0.304323,
0.304323,
0.304322,
0.304322,
0.304322,
0.304321,
0.304321,
0.30432,
0.30432,
0.30432,
0.304319,
0.304319,
0.304318,
0.304318,
0.304318,
0.304317,
0.304317,
0.304317,
0.304316,
0.304316,
0.304316,
0.304315,
0.304315,
0.304315,
0.304314,
0.304314,
0.304314,
0.304313,
0.304313,
0.304313,
0.304312,
0.304312,
0.304312,
0.304312,
0.304312,
0.304311,
0.304311,
0.304311,
0.304311,
0.304311,
0.30431,
0.30431,
0.30431,
0.30431,
0.30431,
0.30431,
0.30431,
0.30431,
0.30431,
0.30431,
0.30431,
0.30431,
0.30431,
0.30431,
0.30431,
0.30431,
0.30431,
0.30431,
0.30431,
0.30431,
0.30431,
0.304311,
0.304311,
0.304311,
0.304311,
0.304312,
0.304312,
0.304312,
0.304312,
0.304313,
0.304313,
0.304313,
0.304314,
0.304314,
0.304314,
0.304314,
0.304315,
0.304315,
0.304315,
0.304316,
0.304316,
0.304317,
0.304317,
0.304318,
0.304319,
0.304319,
0.30432,
0.304321,
0.304322,
0.304323,
0.304324,
0.304325,
0.304326,
0.304327,
0.304329,
0.30433,
0.304332,
0.304335,
0.304338,
0.304341,
0.304345,
0.304349,
0.304354,
0.304358,
0.304362,
0.304366,
0.304368,
0.30437,
0.304372,
0.304373,
0.304375,
0.304376,
0.304378,
0.30438,
0.304382,
0.304384,
0.304387,
0.30439,
0.304393,
0.304398,
0.304404,
0.304412,
0.304424,
0.304444,
0.304467,
0.30448,
0.304486,
0.304489,
0.304491,
0.304493,
0.304494,
0.304496,
0.304498,
0.304499,
0.304501,
0.304502,
0.304504,
0.304506,
0.304372,
0.309251,
0.305809,
0.308788,
0.306352,
0.30481,
0.304595,
0.304717,
0.30493,
0.305002,
0.304941,
0.304877,
0.304857,
0.304865,
0.304875,
0.304874,
0.304867,
0.30486,
0.304855,
0.304851,
0.304848,
0.304844,
0.30484,
0.304835,
0.304831,
0.304827,
0.304823,
0.304819,
0.304815,
0.304811,
0.304806,
0.304802,
0.304798,
0.304794,
0.30479,
0.304786,
0.304782,
0.304778,
0.304773,
0.304769,
0.304765,
0.304761,
0.304757,
0.304753,
0.304749,
0.304745,
0.304741,
0.304737,
0.304733,
0.304728,
0.304724,
0.30472,
0.304716,
0.304712,
0.304708,
0.304704,
0.3047,
0.304696,
0.304692,
0.304687,
0.304683,
0.304679,
0.304675,
0.304671,
0.304667,
0.304663,
0.304659,
0.304655,
0.304651,
0.304646,
0.304642,
0.304638,
0.304634,
0.30463,
0.304626,
0.304622,
0.304617,
0.304613,
0.304609,
0.304605,
0.304601,
0.304597,
0.304592,
0.304588,
0.304584,
0.30458,
0.304576,
0.304572,
0.304567,
0.304563,
0.304559,
0.304555,
0.30455,
0.304546,
0.304542,
0.304538,
0.304533,
0.304529,
0.304525,
0.304521,
0.304516,
0.304512,
0.304508,
0.304503,
0.304499,
0.304495,
0.30449,
0.304486,
0.304482,
0.304477,
0.304473,
0.304468,
0.304464,
0.30446,
0.304455,
0.304451,
0.304446,
0.304442,
0.304437,
0.304433,
0.304428,
0.304424,
0.304419,
0.304415,
0.30441,
0.304405,
0.304401,
0.304396,
0.304392,
0.304387,
0.304382,
0.304378,
0.304373,
0.304368,
0.304364,
0.304359,
0.304354,
0.304349,
0.304344,
0.30434,
0.304335,
0.30433,
0.304325,
0.30432,
0.304315,
0.30431,
0.304306,
0.304301,
0.304296,
0.304291,
0.304286,
0.304281,
0.304275,
0.30427,
0.304265,
0.30426,
0.304255,
0.30425,
0.304245,
0.304239,
0.304234,
0.304229,
0.304224,
0.304218,
0.304213,
0.304208,
0.304202,
0.304197,
0.304191,
0.304186,
0.304181,
0.304175,
0.304169,
0.304164,
0.304158,
0.304153,
0.304147,
0.304141,
0.304136,
0.30413,
0.304124,
0.304118,
0.304113,
0.304107,
0.304101,
0.304095,
0.304089,
0.304083,
0.304077,
0.304071,
0.304065,
0.304059,
0.304053,
0.304047,
0.304041,
0.304034,
0.304028,
0.304022,
0.304016,
0.304009,
0.304003,
0.303997,
0.30399,
0.303984,
0.303977,
0.303971,
0.303964,
0.303957,
0.303951,
0.303944,
0.303937,
0.303931,
0.303924,
0.303917,
0.30391,
0.303903,
0.303896,
0.303889,
0.303882,
0.303875,
0.303868,
0.303861,
0.303854,
0.303847,
0.30384,
0.303832,
0.303825,
0.303818,
0.303811,
0.303803,
0.303796,
0.303788,
0.303781,
0.303773,
0.303766,
0.303758,
0.30375,
0.303743,
0.303735,
0.303727,
0.303719,
0.303711,
0.303703,
0.303695,
0.303687,
0.303679,
0.303671,
0.303663,
0.303655,
0.303647,
0.303639,
0.30363,
0.303622,
0.303614,
0.303605,
0.303597,
0.303588,
0.30358,
0.303571,
0.303563,
0.303554,
0.303546,
0.303537,
0.303528,
0.303519,
0.30351,
0.303502,
0.303493,
0.303484,
0.303475,
0.303466,
0.303457,
0.303448,
0.303438,
0.303429,
0.30342,
0.303411,
0.303401,
0.303392,
0.303383,
0.303373,
0.303364,
0.303354,
0.303345,
0.303335,
0.303326,
0.303316,
0.303306,
0.303297,
0.303287,
0.303277,
0.303267,
0.303257,
0.303247,
0.303237,
0.303227,
0.303217,
0.303207,
0.303197,
0.303187,
0.303177,
0.303167,
0.303156,
0.303146,
0.303136,
0.303125,
0.303115,
0.303105,
0.303094,
0.303084,
0.303073,
0.303063,
0.303052,
0.303041,
0.303031,
0.30302,
0.303009,
0.302999,
0.302988,
0.302977,
0.302966,
0.302955,
0.302944,
0.302934,
0.302923,
0.302912,
0.302901,
0.30289,
0.302878,
0.302867,
0.302856,
0.302845,
0.302834,
0.302823,
0.302811,
0.3028,
0.302789,
0.302777,
0.302766,
0.302755,
0.302743,
0.302732,
0.30272,
0.302709,
0.302698,
0.302686,
0.302674,
0.302663,
0.302651,
0.30264,
0.302628,
0.302616,
0.302605,
0.302593,
0.302581,
0.30257,
0.302558,
0.302546,
0.302534,
0.302523,
0.302511,
0.302499,
0.302487,
0.302475,
0.302463,
0.302451,
0.302439,
0.302427,
0.302416,
0.302404,
0.302392,
0.30238,
0.302368,
0.302356,
0.302344,
0.302331,
0.302319,
0.302307,
0.302295,
0.302283,
0.302271,
0.302259,
0.302247,
0.302235,
0.302223,
0.30221,
0.302198,
0.302186,
0.302174,
0.302162,
0.30215,
0.302137,
0.302125,
0.302113,
0.302101,
0.302088,
0.302076,
0.302064,
0.302052,
0.30204,
0.302027,
0.302015,
0.302003,
0.301991,
0.301978,
0.301966,
0.301954,
0.301942,
0.301929,
0.301917,
0.301905,
0.301893,
0.30188,
0.301868,
0.301856,
0.301844,
0.301831,
0.301819,
0.301807,
0.301795,
0.301782,
0.30177,
0.301758,
0.301746,
0.301733,
0.301721,
0.301709,
0.301697,
0.301685,
0.301672,
0.30166,
0.301648,
0.301636,
0.301624,
0.301611,
0.301599,
0.301587,
0.301575,
0.301563,
0.301551,
0.301539,
0.301527,
0.301514,
0.301502,
0.30149,
0.301478,
0.301466,
0.301454,
0.301442,
0.30143,
0.301418,
0.301406,
0.301394,
0.301382,
0.30137,
0.301358,
0.301346,
0.301334,
0.301323,
0.301311,
0.301299,
0.301287,
0.301275,
0.301263,
0.301251,
0.30124,
0.301228,
0.301216,
0.301204,
0.301193,
0.301181,
0.301169,
0.301157,
0.301146,
0.301134,
0.301123,
0.301111,
0.301099,
0.301088,
0.301076,
0.301065,
0.301053,
0.301042,
0.30103,
0.301019,
0.301007,
0.300996,
0.300984,
0.300973,
0.300962,
0.30095,
0.300939,
0.300928,
0.300917,
0.300905,
0.300894,
0.300883,
0.300872,
0.30086,
0.300849,
0.300838,
0.300827,
0.300816,
0.300805,
0.300794,
0.300783,
0.300772,
0.300761,
0.30075,
0.300739,
0.300728,
0.300717,
0.300707,
0.300696,
0.300685,
0.300674,
0.300663,
0.300653,
0.300642,
0.300631,
0.300621,
0.30061,
0.300599,
0.300589,
0.300578,
0.300568,
0.300557,
0.300547,
0.300536,
0.300526,
0.300516,
0.300505,
0.300495,
0.300485,
0.300474,
0.300464,
0.300454,
0.300444,
0.300433,
0.300423,
0.300413,
0.300403,
0.300393,
0.300383,
0.300373,
0.300363,
0.300353,
0.300343,
0.300333,
0.300323,
0.300313,
0.300304,
0.300294,
0.300284,
0.300274,
0.300265,
0.300255,
0.300245,
0.300236,
0.300226,
0.300217,
0.300207,
0.300197,
0.300188,
0.300179,
0.300169,
0.30016,
0.30015,
0.300141,
0.300132,
0.300122,
0.300113,
0.300104,
0.300095,
0.300086,
0.300076,
0.300067,
0.300058,
0.300049,
0.30004,
0.300031,
0.300022,
0.300013,
0.300004,
0.299995,
0.299987,
0.299978,
0.299969,
0.29996,
0.299951,
0.299943,
0.299934,
0.299925,
0.299917,
0.299908,
0.299899,
0.299891,
0.299882,
0.299874,
0.299865,
0.299857,
0.299849,
0.29984,
0.299832,
0.299824,
0.299815,
0.299807,
0.299799,
0.299791,
0.299782,
0.299774,
0.299766,
0.299758,
0.29975,
0.299742,
0.299734,
0.299726,
0.299718,
0.29971,
0.299702,
0.299694,
0.299686,
0.299679,
0.299671,
0.299663,
0.299655,
0.299648,
0.29964,
0.299632,
0.299625,
0.299617,
0.299609,
0.299602,
0.299594,
0.299587,
0.299579,
0.299572,
0.299565,
0.299557,
0.29955,
0.299542,
0.299535,
0.299528,
0.299521,
0.299513,
0.299506,
0.299499,
0.299492,
0.299485,
0.299478,
0.299471,
0.299464,
0.299457,
0.29945,
0.299443,
0.299436,
0.299429,
0.299422,
0.299415,
0.299408,
0.299401,
0.299395,
0.299388,
0.299381,
0.299374,
0.299368,
0.299361,
0.299354,
0.299348,
0.299341,
0.299335,
0.299328,
0.299321,
0.299315,
0.299308,
0.299302,
0.299296,
0.299289,
0.299283,
0.299276,
0.29927,
0.299264,
0.299258,
0.299251,
0.299245,
