FINAL REPORT
************
Train error (Mean +- SD): 0.0939487 +- 0.000597188
Test error (Mean +- SD): 0.153443 +- 0.000659479
Train CCR (Mean +- SD): 0.9725 +- 4.27469e-05
Test CCR (Mean +- SD): 0.942 +- 0.000256
CONVERGENCE DATA
****************


Iterations: 
1,
2,
3,
4,
5,
6,
7,
8,
9,
10,
11,
12,
13,
14,
15,
16,
17,
18,
19,
20,
21,
22,
23,
24,
25,
26,
27,
28,
29,
30,
31,
32,
33,
34,
35,
36,
37,
38,
39,
40,
41,
42,
43,
44,
45,
46,
47,
48,
49,
50,
51,
52,
53,
54,
55,
56,
57,
58,
59,
60,
61,
62,
63,
64,
65,
66,
67,
68,
69,
70,
71,
72,
73,
74,
75,
76,
77,
78,
79,
80,
81,
82,
83,
84,
85,
86,
87,
88,
89,
90,
91,
92,
93,
94,
95,
96,
97,
98,
99,
100,
101,
102,
103,
104,
105,
106,
107,
108,
109,
110,
111,
112,
113,
114,
115,
116,
117,
118,
119,
120,
121,
122,
123,
124,
125,
126,
127,
128,
129,
130,
131,
132,
133,
134,
135,
136,
137,
138,
139,
140,
141,
142,
143,
144,
145,
146,
147,
148,
149,
150,
151,
152,
153,
154,
155,
156,
157,
158,
159,
160,
161,
162,
163,
164,
165,
166,
167,
168,
169,
170,
171,
172,
173,
174,
175,
176,
177,
178,
179,
180,
181,
182,
183,
184,
185,
186,
187,
188,
189,
190,
191,
192,
193,
194,
195,
196,
197,
198,
199,
200,
201,
202,
203,
204,
205,
206,
207,
208,
209,
210,
211,
212,
213,
214,
215,
216,
217,
218,
219,
220,
221,
222,
223,
224,
225,
226,
227,
228,
229,
230,
231,
232,
233,
234,
235,
236,
237,
238,
239,
240,
241,
242,
243,
244,
245,
246,
247,
248,
249,
250,
251,
252,
253,
254,
255,
256,
257,
258,
259,
260,
261,
262,
263,
264,
265,
266,
267,
268,
269,
270,
271,
272,
273,
274,
275,
276,
277,
278,
279,
280,
281,
282,
283,
284,
285,
286,
287,
288,
289,
290,
291,
292,
293,
294,
295,
296,
297,
298,
299,
300,
301,
302,
303,
304,
305,
306,
307,
308,
309,
310,
311,
312,
313,
314,
315,
316,
317,
318,
319,
320,
321,
322,
323,
324,
325,
326,
327,
328,
329,
330,
331,
332,
333,
334,
335,
336,
337,
338,
339,
340,
341,
342,
343,
344,
345,
346,
347,
348,
349,
350,
351,
352,
353,
354,
355,
356,
357,
358,
359,
360,
361,
362,
363,
364,
365,
366,
367,
368,
369,
370,
371,
372,
373,
374,
375,
376,
377,
378,
379,
380,
381,
382,
383,
384,
385,
386,
387,
388,
389,
390,
391,
392,
393,
394,
395,
396,
397,
398,
399,
400,
401,
402,
403,
404,
405,
406,
407,
408,
409,
410,
411,
412,
413,
414,
415,
416,
417,
418,
419,
420,
421,
422,
423,
424,
425,
426,
427,
428,
429,
430,
431,
432,
433,
434,
435,
436,
437,
438,
439,
440,
441,
442,
443,
444,
445,
446,
447,
448,
449,
450,
451,
452,
453,
454,
455,
456,
457,
458,
459,
460,
461,
462,
463,
464,
465,
466,
467,
468,
469,
470,
471,
472,
473,
474,
475,
476,
477,
478,
479,
480,
481,
482,
483,
484,
485,
486,
487,
488,
489,
490,
491,
492,
493,
494,
495,
496,
497,
498,
499,
500,


Train errors: 
0.322045,
0.311001,
0.304093,
0.298042,
0.293678,
0.290152,
0.2867,
0.282977,
0.279508,
0.276098,
0.272631,
0.269568,
0.26711,
0.265143,
0.263447,
0.26189,
0.260234,
0.25794,
0.254516,
0.250572,
0.246715,
0.244066,
0.24176,
0.239521,
0.237224,
0.234763,
0.232157,
0.229425,
0.226517,
0.223485,
0.220488,
0.21772,
0.21517,
0.212679,
0.210002,
0.206855,
0.203142,
0.199453,
0.195987,
0.192741,
0.190165,
0.18822,
0.186653,
0.185322,
0.184078,
0.182775,
0.18136,
0.179929,
0.178456,
0.176892,
0.175095,
0.173318,
0.171814,
0.170401,
0.169048,
0.167783,
0.166559,
0.165314,
0.163924,
0.162308,
0.160807,
0.159499,
0.158334,
0.15729,
0.156337,
0.155445,
0.154602,
0.153774,
0.152903,
0.151903,
0.150666,
0.149243,
0.147776,
0.146499,
0.145388,
0.144271,
0.143054,
0.141786,
0.14063,
0.13954,
0.138415,
0.137038,
0.13581,
0.134702,
0.133679,
0.13281,
0.132026,
0.131331,
0.130661,
0.129983,
0.12927,
0.128532,
0.127771,
0.126967,
0.126263,
0.125713,
0.125236,
0.124807,
0.124415,
0.124051,
0.123701,
0.123354,
0.122986,
0.122571,
0.122098,
0.121649,
0.121263,
0.120897,
0.120525,
0.120141,
0.11974,
0.119311,
0.118835,
0.11828,
0.117615,
0.116848,
0.116025,
0.115219,
0.114543,
0.113988,
0.113501,
0.113065,
0.112667,
0.112291,
0.111923,
0.111553,
0.111174,
0.11078,
0.11037,
0.109943,
0.109515,
0.109116,
0.108761,
0.108446,
0.108158,
0.107885,
0.107612,
0.107334,
0.107052,
0.106775,
0.106504,
0.106237,
0.105967,
0.105689,
0.105401,
0.105112,
0.104841,
0.10459,
0.104353,
0.104129,
0.103917,
0.103713,
0.103509,
0.103292,
0.103062,
0.102869,
0.10274,
0.102655,
0.102602,
0.102571,
0.102557,
0.102558,
0.102571,
0.102592,
0.102619,
0.102648,
0.102676,
0.102707,
0.102745,
0.102798,
0.102866,
0.102941,
0.103019,
0.103093,
0.103157,
0.103208,
0.103245,
0.103269,
0.10328,
0.103274,
0.10325,
0.103214,
0.103177,
0.103131,
0.103063,
0.102964,
0.102851,
0.102748,
0.102664,
0.102603,
0.102573,
0.102565,
0.10256,
0.10255,
0.102544,
0.102554,
0.102598,
0.102685,
0.102817,
0.102989,
0.103198,
0.103432,
0.103683,
0.103951,
0.104258,
0.104611,
0.105004,
0.105433,
0.105901,
0.106406,
0.106943,
0.107508,
0.108101,
0.10872,
0.10936,
0.110016,
0.110685,
0.111365,
0.112064,
0.112796,
0.113565,
0.114369,
0.115202,
0.116065,
0.116948,
0.117822,
0.118694,
0.11966,
0.120701,
0.121777,
0.122903,
0.124063,
0.125176,
0.126175,
0.12718,
0.12841,
0.129834,
0.131314,
0.132813,
0.1343,
0.135753,
0.137188,
0.138718,
0.140373,
0.142095,
0.337139,
0.30558,
0.299368,
0.293735,
0.28707,
0.282233,
0.278915,
0.276014,
0.273215,
0.270586,
0.267854,
0.264947,
0.261992,
0.259272,
0.256887,
0.25478,
0.252804,
0.25074,
0.24852,
0.246114,
0.243724,
0.241197,
0.238549,
0.236241,
0.234289,
0.232515,
0.230706,
0.22887,
0.226951,
0.225009,
0.223615,
0.222429,
0.221163,
0.21966,
0.218002,
0.216376,
0.214566,
0.212592,
0.210505,
0.208787,
0.207381,
0.206247,
0.204987,
0.203678,
0.202216,
0.200333,
0.198894,
0.19548,
0.193702,
0.195792,
0.186562,
0.192857,
0.182635,
0.183694,
0.175985,
0.18135,
0.173375,
0.170505,
0.165386,
0.168379,
0.164879,
0.159324,
0.158118,
0.155785,
0.1542,
0.153752,
0.147614,
0.155495,
0.144371,
0.155521,
0.140267,
0.151713,
0.136391,
0.147868,
0.133511,
0.14109,
0.129573,
0.133731,
0.127383,
0.129151,
0.126535,
0.122816,
0.122692,
0.12019,
0.119903,
0.11768,
0.116997,
0.114819,
0.11448,
0.112419,
0.112327,
0.110452,
0.11066,
0.108374,
0.108273,
0.106097,
0.106022,
0.103213,
0.10281,
0.101008,
0.0996392,
0.103074,
0.09789,
0.105407,
0.096,
0.106321,
0.0943171,
0.111697,
0.0947869,
0.102936,
0.0935522,
0.100008,
0.0925372,
0.0935927,
0.0916335,
0.08922,
0.0896415,
0.0877659,
0.0880558,
0.0868072,
0.0867899,
0.0860126,
0.0859161,
0.0852208,
0.0850433,
0.0844268,
0.0845823,
0.0838201,
0.0842019,
0.0833009,
0.0839718,
0.0829984,
0.0836682,
0.0827884,
0.0833622,
0.0824679,
0.0829884,
0.0822499,
0.0827693,
0.0821649,
0.0826126,
0.0820618,
0.0824917,
0.0818254,
0.0823927,
0.0815108,
0.0826304,
0.0808587,
0.0831274,
0.0807488,
0.0851377,
0.0803205,
0.0890256,
0.0804655,
0.0873706,
0.079931,
0.0895698,
0.0798812,
0.0849798,
0.0805981,
0.0821832,
0.0799408,
0.0813342,
0.0804749,
0.0800558,
0.0801292,
0.0800272,
0.0801706,
0.0797993,
0.0800521,
0.0799049,
0.0802067,
0.0799672,
0.0802448,
0.0801616,
0.0803957,
0.0802293,
0.0803465,
0.0803858,
0.080388,
0.0804128,
0.0802997,
0.0804934,
0.0803095,
0.0805156,
0.0803285,
0.0805776,
0.0803852,
0.0806208,
0.0804403,
0.0805504,
0.0804211,
0.0805157,
0.080409,
0.0804087,
0.0801846,
0.0800187,
0.0796109,
0.0796383,
0.0794427,
0.079592,
0.0792957,
0.0794515,
0.0791885,
0.0793984,
0.0790992,
0.0793621,
0.0791789,
0.0795061,
0.0793031,
0.079635,
0.079533,
0.0799072,
0.079799,
0.0801457,
0.0801093,
0.0804893,
0.0804489,
0.0807928,
0.0808062,
0.081185,
0.081194,
0.0815332,
0.0815816,
0.0819484,
0.0819787,
0.0822736,
0.0822778,
0.0824535,
0.082093,
0.0819048,
0.0816852,
0.0816958,
0.0815452,
0.0814579,
0.0812541,
0.081336,
0.0813827,
0.0815088,
0.0816165,
0.0817813,
0.0819027,
0.0820347,
0.0821125,
0.0821241,
0.0820764,
0.0821762,
0.0823043,
0.0824505,
0.0825708,
0.0826722,
0.0827696,
0.0829187,
0.0830815,
0.0832679,


Test errors: 
0.334011,
0.32169,
0.313632,
0.30649,
0.301363,
0.297805,
0.293885,
0.29014,
0.286363,
0.282389,
0.278795,
0.275829,
0.273531,
0.271797,
0.270698,
0.269868,
0.269025,
0.268021,
0.265927,
0.261402,
0.256424,
0.252872,
0.250168,
0.24773,
0.24578,
0.244101,
0.242177,
0.239939,
0.237752,
0.235814,
0.233918,
0.232214,
0.230909,
0.22974,
0.228658,
0.227865,
0.22726,
0.226104,
0.223866,
0.221339,
0.219559,
0.218574,
0.21793,
0.21735,
0.216706,
0.21578,
0.214483,
0.213348,
0.212667,
0.212153,
0.211194,
0.209287,
0.207407,
0.206263,
0.205412,
0.204514,
0.203527,
0.202396,
0.201004,
0.199291,
0.197608,
0.196324,
0.195496,
0.194814,
0.194027,
0.193074,
0.192102,
0.191273,
0.190476,
0.189554,
0.188459,
0.1869,
0.184766,
0.183255,
0.182466,
0.181635,
0.180649,
0.179961,
0.179746,
0.17989,
0.179901,
0.179294,
0.178172,
0.177849,
0.178427,
0.178341,
0.177541,
0.176775,
0.176347,
0.175919,
0.175143,
0.17428,
0.173781,
0.173568,
0.173338,
0.172953,
0.172591,
0.172438,
0.172408,
0.172291,
0.172043,
0.171817,
0.171663,
0.171482,
0.17121,
0.170913,
0.170639,
0.170347,
0.170008,
0.169652,
0.169301,
0.168918,
0.168441,
0.167853,
0.167157,
0.166328,
0.165326,
0.164212,
0.16311,
0.162189,
0.161477,
0.160849,
0.160296,
0.15982,
0.159339,
0.158816,
0.158343,
0.157957,
0.157561,
0.157129,
0.15678,
0.156545,
0.156312,
0.156053,
0.155862,
0.155706,
0.155446,
0.155103,
0.154814,
0.154564,
0.154224,
0.153814,
0.153462,
0.153163,
0.152824,
0.152479,
0.15226,
0.152188,
0.152169,
0.152149,
0.152148,
0.152158,
0.15214,
0.1521,
0.152102,
0.152149,
0.152176,
0.152147,
0.152096,
0.152054,
0.152005,
0.151933,
0.151861,
0.151811,
0.151766,
0.151701,
0.15162,
0.151545,
0.151478,
0.151413,
0.151345,
0.151269,
0.151177,
0.151066,
0.150937,
0.150786,
0.150618,
0.150455,
0.150317,
0.150197,
0.150094,
0.150033,
0.150009,
0.149975,
0.149919,
0.14985,
0.149738,
0.149542,
0.149314,
0.149141,
0.149034,
0.148971,
0.149008,
0.14919,
0.149439,
0.149665,
0.149919,
0.150263,
0.150613,
0.150867,
0.151063,
0.151233,
0.1513,
0.151274,
0.151318,
0.151472,
0.151561,
0.1515,
0.151454,
0.151516,
0.151568,
0.151574,
0.151684,
0.151927,
0.152156,
0.15235,
0.152657,
0.153076,
0.15347,
0.153873,
0.154459,
0.155212,
0.155954,
0.156644,
0.157383,
0.158138,
0.158776,
0.159519,
0.16079,
0.162464,
0.164037,
0.165432,
0.166927,
0.168586,
0.170134,
0.171296,
0.172368,
0.17382,
0.175411,
0.176771,
0.178095,
0.179858,
0.181803,
0.182974,
0.170495,
0.31544,
0.294042,
0.296051,
0.294687,
0.288619,
0.282148,
0.277591,
0.274735,
0.272444,
0.269821,
0.266865,
0.264066,
0.261714,
0.259725,
0.257897,
0.256226,
0.254923,
0.254187,
0.253772,
0.253083,
0.252178,
0.251281,
0.25074,
0.250019,
0.249126,
0.248474,
0.248214,
0.248216,
0.247663,
0.246566,
0.246066,
0.246038,
0.24553,
0.244504,
0.243584,
0.242993,
0.242056,
0.240703,
0.239555,
0.238056,
0.235702,
0.233957,
0.233967,
0.233398,
0.230771,
0.229534,
0.229678,
0.224904,
0.220716,
0.223336,
0.216184,
0.209424,
0.211103,
0.212986,
0.206054,
0.198419,
0.198544,
0.201235,
0.194478,
0.190563,
0.188126,
0.185557,
0.183078,
0.181165,
0.179614,
0.177754,
0.175913,
0.177602,
0.172331,
0.176318,
0.169336,
0.176762,
0.166616,
0.169287,
0.16147,
0.166988,
0.155872,
0.156233,
0.155567,
0.159612,
0.157549,
0.152932,
0.152142,
0.152529,
0.153706,
0.15204,
0.150922,
0.150723,
0.151778,
0.150163,
0.149235,
0.149159,
0.150474,
0.147125,
0.14548,
0.145696,
0.147142,
0.142648,
0.141762,
0.145009,
0.144356,
0.13965,
0.137925,
0.151868,
0.141771,
0.138624,
0.136845,
0.160552,
0.143472,
0.137771,
0.133659,
0.150592,
0.143802,
0.136874,
0.135739,
0.137525,
0.141345,
0.136094,
0.135316,
0.136144,
0.139166,
0.13793,
0.13678,
0.138459,
0.141222,
0.140452,
0.139231,
0.141059,
0.143889,
0.141149,
0.140121,
0.142934,
0.145259,
0.140836,
0.139978,
0.143922,
0.146008,
0.140136,
0.139871,
0.146365,
0.148104,
0.140867,
0.140761,
0.14834,
0.150469,
0.142294,
0.142212,
0.149011,
0.154914,
0.144724,
0.144522,
0.149561,
0.15936,
0.146138,
0.147762,
0.148028,
0.160083,
0.14821,
0.147656,
0.146961,
0.154355,
0.149768,
0.146307,
0.147734,
0.151549,
0.15212,
0.148811,
0.148539,
0.151823,
0.153798,
0.151269,
0.150566,
0.153941,
0.155473,
0.152134,
0.151607,
0.155928,
0.156696,
0.152365,
0.152516,
0.157805,
0.157635,
0.152531,
0.153251,
0.15898,
0.158471,
0.153286,
0.154201,
0.159473,
0.159251,
0.154706,
0.155159,
0.159142,
0.159755,
0.156389,
0.15597,
0.158318,
0.159394,
0.157437,
0.15699,
0.158342,
0.159375,
0.158437,
0.158308,
0.159109,
0.159878,
0.159378,
0.159424,
0.159846,
0.160377,
0.160155,
0.160434,
0.160786,
0.161159,
0.161103,
0.161578,
0.161937,
0.162152,
0.16215,
0.162773,
0.163188,
0.163282,
0.163273,
0.16399,
0.164488,
0.164517,
0.164458,
0.165146,
0.165626,
0.165478,
0.165244,
0.166193,
0.167517,
0.168036,
0.167908,
0.168104,
0.168329,
0.168448,
0.168548,
0.169014,
0.169615,
0.169833,
0.169809,
0.170095,
0.170463,
0.170151,
0.169376,
0.169334,
0.169826,
0.170017,
0.16987,
0.16991,
0.170187,
0.170298,
0.170268,
