FINAL REPORT
************
Train error (Mean +- SD): 0.00666596 +- 1.78193e-06
Test error (Mean +- SD): 0.17698 +- 0.00042629
Train CCR (Mean +- SD): 0.998889 +- 1.08025e-06
Test CCR (Mean +- SD): 0.94 +- 8.44444e-05
CONVERGENCE DATA
****************


Iterations: 
1,
2,
3,
4,
5,
6,
7,
8,
9,
10,
11,
12,
13,
14,
15,
16,
17,
18,
19,
20,
21,
22,
23,
24,
25,
26,
27,
28,
29,
30,
31,
32,
33,
34,
35,
36,
37,
38,
39,
40,
41,
42,
43,
44,
45,
46,
47,
48,
49,
50,
51,
52,
53,
54,
55,
56,
57,
58,
59,
60,
61,
62,
63,
64,
65,
66,
67,
68,
69,
70,
71,
72,
73,
74,
75,
76,
77,
78,
79,
80,
81,
82,
83,
84,
85,
86,
87,
88,
89,
90,
91,
92,
93,
94,
95,
96,
97,
98,
99,
100,
101,
102,
103,
104,
105,
106,
107,
108,
109,
110,
111,
112,
113,
114,
115,
116,
117,
118,
119,
120,
121,
122,
123,
124,
125,
126,
127,
128,
129,
130,
131,
132,
133,
134,
135,
136,
137,
138,
139,
140,
141,
142,
143,
144,
145,
146,
147,
148,
149,
150,
151,
152,
153,
154,
155,
156,
157,
158,
159,
160,
161,
162,
163,
164,
165,
166,
167,
168,
169,
170,
171,
172,
173,
174,
175,
176,
177,
178,
179,
180,
181,
182,
183,
184,
185,
186,
187,
188,
189,
190,
191,
192,
193,
194,
195,
196,
197,
198,
199,
200,
201,
202,
203,
204,
205,
206,
207,
208,
209,
210,
211,
212,
213,
214,
215,
216,
217,
218,
219,
220,
221,
222,
223,
224,
225,
226,
227,
228,
229,
230,
231,
232,
233,
234,
235,
236,
237,
238,
239,
240,
241,
242,
243,
244,
245,
246,
247,
248,
249,
250,
251,
252,
253,
254,
255,
256,
257,
258,
259,
260,
261,
262,
263,
264,
265,
266,
267,
268,
269,
270,
271,
272,
273,
274,
275,
276,
277,
278,
279,
280,
281,
282,
283,
284,
285,
286,
287,
288,
289,
290,
291,
292,
293,
294,
295,
296,
297,
298,
299,
300,
301,
302,
303,
304,
305,
306,
307,
308,
309,
310,
311,
312,
313,
314,
315,
316,
317,
318,
319,
320,
321,
322,
323,
324,
325,
326,
327,
328,
329,
330,
331,
332,
333,
334,
335,
336,
337,
338,
339,
340,
341,
342,
343,
344,
345,
346,
347,
348,
349,
350,
351,
352,
353,
354,
355,
356,
357,
358,
359,
360,
361,
362,
363,
364,
365,
366,
367,
368,
369,
370,
371,
372,
373,
374,
375,
376,
377,
378,
379,
380,
381,
382,
383,
384,
385,
386,
387,
388,
389,
390,
391,
392,
393,
394,
395,
396,
397,
398,
399,
400,
401,
402,
403,
404,
405,
406,
407,
408,
409,
410,
411,
412,
413,
414,
415,
416,
417,
418,
419,
420,
421,
422,
423,
424,
425,
426,
427,
428,
429,
430,
431,
432,
433,
434,
435,
436,
437,
438,
439,
440,
441,
442,
443,
444,
445,
446,
447,
448,
449,
450,
451,
452,
453,
454,
455,
456,
457,
458,
459,
460,
461,
462,
463,
464,
465,
466,
467,
468,
469,
470,
471,
472,
473,
474,
475,
476,
477,
478,
479,
480,
481,
482,
483,
484,
485,
486,
487,
488,
489,
490,
491,
492,
493,
494,
495,
496,
497,
498,
499,
500,


Train errors: 
0.6679,
0.827457,
0.643536,
0.436368,
0.483725,
0.373619,
0.313933,
0.321769,
0.274497,
0.275817,
0.226283,
0.246894,
0.204741,
0.222118,
0.182441,
0.196316,
0.167786,
0.180516,
0.159623,
0.160518,
0.148611,
0.148282,
0.144636,
0.132394,
0.134025,
0.123418,
0.129088,
0.111541,
0.118749,
0.105348,
0.11322,
0.0976575,
0.104342,
0.0933379,
0.0991102,
0.0888333,
0.0919757,
0.0850197,
0.0873622,
0.0819412,
0.082007,
0.0787351,
0.0783653,
0.0761506,
0.0744981,
0.0731758,
0.0716189,
0.0707551,
0.069024,
0.06832,
0.0669125,
0.066292,
0.065073,
0.0643913,
0.0634167,
0.062718,
0.0618627,
0.061094,
0.0603067,
0.0595131,
0.0587417,
0.0579395,
0.0571888,
0.0564128,
0.0556695,
0.0548949,
0.0541165,
0.0533041,
0.0525019,
0.0517408,
0.0510297,
0.050356,
0.0497066,
0.0490793,
0.0484677,
0.0478727,
0.0472917,
0.0467257,
0.0461719,
0.0456266,
0.0450867,
0.0445517,
0.044023,
0.0435011,
0.0429865,
0.04248,
0.0419831,
0.0414976,
0.0410238,
0.0405611,
0.0401097,
0.039672,
0.0392506,
0.038848,
0.0384648,
0.0381002,
0.0377522,
0.0374184,
0.0370958,
0.036781,
0.0364685,
0.03615,
0.0358136,
0.0354493,
0.0350704,
0.0347158,
0.034394,
0.0340944,
0.0338103,
0.033537,
0.0332691,
0.0330013,
0.0327285,
0.0324456,
0.0321483,
0.0318376,
0.0315238,
0.0312208,
0.0309332,
0.0306568,
0.0303861,
0.030118,
0.0298514,
0.0295872,
0.0293274,
0.0290746,
0.0288311,
0.0285987,
0.0283784,
0.0281705,
0.0279744,
0.027789,
0.0276129,
0.0274452,
0.0272851,
0.0271324,
0.0269868,
0.0268478,
0.0267146,
0.0265863,
0.0264624,
0.0263423,
0.0262258,
0.0261128,
0.0260035,
0.0258977,
0.0257954,
0.0256962,
0.0255996,
0.0255049,
0.0254113,
0.0253178,
0.025223,
0.0251253,
0.0250228,
0.0249142,
0.0247996,
0.0246814,
0.024564,
0.024451,
0.0243431,
0.0242383,
0.0241332,
0.0240245,
0.0239103,
0.0237906,
0.0236683,
0.0235481,
0.0234346,
0.0233286,
0.0232281,
0.0231304,
0.0230332,
0.022935,
0.0228349,
0.0227321,
0.0226267,
0.022519,
0.0224101,
0.022301,
0.0221926,
0.022085,
0.0219781,
0.0218712,
0.0217638,
0.0216555,
0.0215456,
0.0214333,
0.0213178,
0.0211985,
0.0210756,
0.0209506,
0.0208256,
0.0207033,
0.0205864,
0.0204763,
0.0203733,
0.0202761,
0.0201828,
0.0200919,
0.0200023,
0.0199128,
0.0198227,
0.0197313,
0.0196382,
0.0195432,
0.019446,
0.0193468,
0.0192455,
0.0191429,
0.0190402,
0.0189396,
0.0188434,
0.018753,
0.0186686,
0.0185899,
0.0185157,
0.0184451,
0.0183773,
0.0183116,
0.0182475,
0.0181846,
0.0181227,
0.0180616,
0.0180014,
0.0179421,
0.0178838,
0.0178265,
0.0177703,
0.0177151,
0.0176609,
0.0176076,
0.017555,
0.0175033,
0.0174525,
0.0174031,
0.0173554,
0.0173097,
0.017266,
0.0172242,
0.0171843,
0.0171459,
0.0171091,
0.0170734,
0.0170389,
0.0170055,
0.0169728,
0.0169409,
0.0169096,
0.0168788,
0.0168484,
0.0168181,
0.0167879,
0.0167576,
0.0167272,
0.0166963,
0.016665,
0.016633,
0.0166001,
0.0165662,
0.0165311,
0.0164946,
0.0164565,
0.0164166,
0.016375,
0.0163317,
0.0162869,
0.0162411,
0.0161944,
0.0161471,
0.0160992,
0.0160509,
0.0160025,
0.0159543,
0.0159066,
0.0158596,
0.0158134,
0.0157679,
0.0157228,
0.0156782,
0.0156338,
0.0155896,
0.0155454,
0.0155013,
0.0154571,
0.0154128,
0.0153681,
0.0153231,
0.0152775,
0.0152312,
0.0151839,
0.0151354,
0.0150854,
0.0150336,
0.0149798,
0.0149238,
0.0148654,
0.0148043,
0.0147406,
0.0146745,
0.0146073,
0.0145412,
0.0144785,
0.0144209,
0.0143687,
0.0143214,
0.014278,
0.0142377,
0.0141998,
0.0141639,
0.0141294,
0.0140962,
0.014064,
0.0140325,
0.0140016,
0.013971,
0.0139406,
0.0139103,
0.0138798,
0.0138492,
0.0138183,
0.0137871,
0.0137557,
0.0137242,
0.0136929,
0.0136621,
0.013632,
0.0136028,
0.0135745,
0.0135469,
0.0135199,
0.0134935,
0.0134675,
0.0134417,
0.0134163,
0.013391,
0.013366,
0.0133412,
0.0133165,
0.0132918,
0.013267,
0.0132418,
0.0132156,
0.0131876,
0.0131566,
0.0131204,
0.0130753,
0.013015,
0.0129312,
0.0128215,
0.0127075,
0.0126216,
0.0125662,
0.0125271,
0.0124948,
0.012465,
0.0124359,
0.0124066,
0.0123766,
0.012346,
0.0123158,
0.0122874,
0.0122617,
0.0122388,
0.0122177,
0.0121975,
0.0121775,
0.0121573,
0.0121366,
0.0121152,
0.0120928,
0.0120695,
0.012045,
0.0120192,
0.0119922,
0.011964,
0.0119346,
0.0119042,
0.0118728,
0.0118409,
0.0118086,
0.0117764,
0.0117447,
0.0117138,
0.0116838,
0.0116548,
0.0116264,
0.0115982,
0.0115695,
0.0115394,
0.0115063,
0.0114682,
0.011422,
0.0113638,
0.011292,
0.0112119,
0.0111363,
0.0110739,
0.0110234,
0.0109801,
0.0109404,
0.0109023,
0.0108648,
0.0108281,
0.0107924,
0.0107577,
0.0107236,
0.0106893,
0.0106545,
0.0106191,
0.0105837,
0.0105494,
0.0105172,
0.0104877,
0.0104606,
0.0104356,
0.0104123,
0.0103902,
0.0103691,
0.0103487,
0.010329,
0.0103097,
0.0102906,
0.0102717,
0.0102528,
0.0102337,
0.0102143,
0.0101943,
0.0101734,
0.0101512,
0.0101272,
0.0101005,
0.0100701,
0.0100349,
0.00999383,
0.00994775,
0.00989998,
0.00985553,
0.00981757,
0.00978599,
0.00975908,
0.00973527,
0.00971358,
0.00969347,
0.00967461,
0.00965678,
0.00963976,
0.00962334,
0.00960733,
0.00959154,
0.00957577,
0.00955981,
0.00954345,
0.00952649,
0.00950872,
0.00949005,
0.00947048,
0.00945024,
0.00942974,
0.00940951,
0.00939004,
0.0093716,
0.00935421,
0.00933772,
0.00932189,
0.00930646,
0.00929123,
0.00927605,
0.00926082,
0.00924546,
0.00922991,
0.00921413,
0.00919801,
0.00918144,
0.00916426,
0.00914626,
0.00912721,
0.00910685,
0.00908491,
0.00906118,
0.00903561,
0.00900848,
0.00898058,
0.0089532,
0.00892774,
0.00890511,
0.00888545,
0.00886842,
0.0088535,
0.00884025,
0.0088283,
0.00881739,
0.00880732,
0.00879792,
0.00878906,
0.00878065,
0.00877258,
0.00876479,
0.00875722,
0.00874982,


Test errors: 
0.676842,
0.847572,
0.669818,
0.453906,
0.524221,
0.404135,
0.354733,
0.360529,
0.299641,
0.301763,
0.262095,
0.289847,
0.228924,
0.246151,
0.21492,
0.246814,
0.203001,
0.209336,
0.194887,
0.216772,
0.196679,
0.185274,
0.184511,
0.190917,
0.192523,
0.1718,
0.176277,
0.173005,
0.183849,
0.164651,
0.167977,
0.161796,
0.172874,
0.160214,
0.161602,
0.156796,
0.164316,
0.158007,
0.157769,
0.155006,
0.158862,
0.156882,
0.155389,
0.15443,
0.156001,
0.156364,
0.15455,
0.154352,
0.155153,
0.156293,
0.155037,
0.154642,
0.155049,
0.155965,
0.155311,
0.15458,
0.154632,
0.155205,
0.155075,
0.154433,
0.154257,
0.154556,
0.154669,
0.1543,
0.15405,
0.154175,
0.15436,
0.15425,
0.154065,
0.154118,
0.154323,
0.154393,
0.154315,
0.154309,
0.154432,
0.154542,
0.154555,
0.154558,
0.154626,
0.154714,
0.154755,
0.154769,
0.154815,
0.154904,
0.155001,
0.155088,
0.155184,
0.155306,
0.155451,
0.155606,
0.155765,
0.155924,
0.156071,
0.156196,
0.156295,
0.156375,
0.156445,
0.156512,
0.156582,
0.15666,
0.156753,
0.156867,
0.157009,
0.157185,
0.15738,
0.157545,
0.157639,
0.157671,
0.157676,
0.15767,
0.157657,
0.157643,
0.157632,
0.157625,
0.157616,
0.157599,
0.157573,
0.157534,
0.157484,
0.157431,
0.157385,
0.157349,
0.15732,
0.157298,
0.157281,
0.157272,
0.157272,
0.157283,
0.157302,
0.157328,
0.15736,
0.157397,
0.157438,
0.157483,
0.157531,
0.157584,
0.157644,
0.157711,
0.157787,
0.15787,
0.15796,
0.158056,
0.158156,
0.158259,
0.158362,
0.158463,
0.158562,
0.158658,
0.158752,
0.158843,
0.158932,
0.15902,
0.159107,
0.159194,
0.159281,
0.159367,
0.159453,
0.159538,
0.159622,
0.159701,
0.159774,
0.159837,
0.159888,
0.159924,
0.159947,
0.15996,
0.159967,
0.159976,
0.159998,
0.160038,
0.160094,
0.160155,
0.16021,
0.160258,
0.160303,
0.160349,
0.160398,
0.160451,
0.160504,
0.160557,
0.160609,
0.160661,
0.160712,
0.160765,
0.160821,
0.160883,
0.160953,
0.161033,
0.161125,
0.16123,
0.161347,
0.161474,
0.161609,
0.161748,
0.161889,
0.162033,
0.162181,
0.162331,
0.162486,
0.162645,
0.162807,
0.162973,
0.163141,
0.163311,
0.163482,
0.163655,
0.163829,
0.164003,
0.164176,
0.164345,
0.164511,
0.164672,
0.164828,
0.164983,
0.165137,
0.165294,
0.165455,
0.165619,
0.165786,
0.165957,
0.166128,
0.166301,
0.166473,
0.166645,
0.166816,
0.166986,
0.167153,
0.167319,
0.167483,
0.167644,
0.167803,
0.167959,
0.168112,
0.168262,
0.168409,
0.168553,
0.168694,
0.168832,
0.168968,
0.169102,
0.169234,
0.169364,
0.169493,
0.16962,
0.169745,
0.169869,
0.169992,
0.170113,
0.170233,
0.170353,
0.170471,
0.170589,
0.170706,
0.170823,
0.17094,
0.171056,
0.171172,
0.171288,
0.171405,
0.171521,
0.171638,
0.171756,
0.171874,
0.171994,
0.172115,
0.172237,
0.172361,
0.172487,
0.172615,
0.172744,
0.172874,
0.173004,
0.173133,
0.173262,
0.173389,
0.173514,
0.173637,
0.173758,
0.173875,
0.17399,
0.174101,
0.174208,
0.17431,
0.174409,
0.174502,
0.17459,
0.174673,
0.174751,
0.174823,
0.17489,
0.174952,
0.175008,
0.17506,
0.175107,
0.17515,
0.17519,
0.175227,
0.175262,
0.175296,
0.17533,
0.175365,
0.175403,
0.175446,
0.175494,
0.175547,
0.175603,
0.175661,
0.175718,
0.175776,
0.175832,
0.175887,
0.175941,
0.175994,
0.176045,
0.176095,
0.176144,
0.176192,
0.176238,
0.176283,
0.176327,
0.17637,
0.176412,
0.176455,
0.176498,
0.176542,
0.176587,
0.176634,
0.176681,
0.17673,
0.176781,
0.176833,
0.176888,
0.176946,
0.177008,
0.177073,
0.177142,
0.177215,
0.177291,
0.17737,
0.177454,
0.177541,
0.177633,
0.17773,
0.177833,
0.177943,
0.178064,
0.178196,
0.178343,
0.178507,
0.178685,
0.178862,
0.179013,
0.179125,
0.17921,
0.179283,
0.179356,
0.179433,
0.179516,
0.179607,
0.179705,
0.179812,
0.179928,
0.180053,
0.180185,
0.18032,
0.180454,
0.180585,
0.180711,
0.180834,
0.180955,
0.181076,
0.181197,
0.181319,
0.181444,
0.181572,
0.181704,
0.181839,
0.181978,
0.182121,
0.182269,
0.182421,
0.182577,
0.182735,
0.182893,
0.183052,
0.18321,
0.183366,
0.183519,
0.183672,
0.183823,
0.183973,
0.184124,
0.184276,
0.18443,
0.184587,
0.184748,
0.184913,
0.185081,
0.185252,
0.185426,
0.185599,
0.185767,
0.185925,
0.18607,
0.186197,
0.186304,
0.186391,
0.186461,
0.186517,
0.186564,
0.186606,
0.186649,
0.186695,
0.186745,
0.186802,
0.186865,
0.186933,
0.187005,
0.187082,
0.187162,
0.187245,
0.187332,
0.187422,
0.187514,
0.18761,
0.187708,
0.187809,
0.187912,
0.188019,
0.188129,
0.188242,
0.188359,
0.188481,
0.188607,
0.188737,
0.188867,
0.188994,
0.189112,
0.189215,
0.189306,
0.189387,
0.189462,
0.189533,
0.189601,
0.189665,
0.189725,
0.189781,
0.189832,
0.189879,
0.189924,
0.189965,
0.190004,
0.190041,
0.190075,
0.190108,
0.190139,
0.190168,
0.190195,
0.19022,
0.190245,
0.190269,
0.190293,
0.190318,
0.190344,
0.190372,
0.1904,
0.19043,
0.190462,
0.190496,
0.190533,
0.190572,
0.190615,
0.190663,
0.190715,
0.190772,
0.190836,
0.190905,
0.190981,
0.191062,
0.191149,
0.19124,
0.191333,
0.191424,
0.191507,
0.191578,
0.191635,
0.191676,
0.191704,
0.191725,
0.191742,
0.191757,
0.191773,
0.191789,
0.191807,
0.191826,
0.191846,
0.191867,
0.191889,
0.191912,
0.191936,
