FINAL REPORT
************
Train error (Mean +- SD): 0.178478 +- 0.000441778
Test error (Mean +- SD): 0.196461 +- 0.000374525
Train CCR (Mean +- SD): 0.922222 +- 0.00227778
Test CCR (Mean +- SD): 0.91 +- 0.00165778
CONVERGENCE DATA
****************


Iterations: 
1,
2,
3,
4,
5,
6,
7,
8,
9,
10,
11,
12,
13,
14,
15,
16,
17,
18,
19,
20,
21,
22,
23,
24,
25,
26,
27,
28,
29,
30,
31,
32,
33,
34,
35,
36,
37,
38,
39,
40,
41,
42,
43,
44,
45,
46,
47,
48,
49,
50,
51,
52,
53,
54,
55,
56,
57,
58,
59,
60,
61,
62,
63,
64,
65,
66,
67,
68,
69,
70,
71,
72,
73,
74,
75,
76,
77,
78,
79,
80,
81,
82,
83,
84,
85,
86,
87,
88,
89,
90,
91,
92,
93,
94,
95,
96,
97,
98,
99,
100,
101,
102,
103,
104,
105,
106,
107,
108,
109,
110,
111,
112,
113,
114,
115,
116,
117,
118,
119,
120,
121,
122,
123,
124,
125,
126,
127,
128,
129,
130,
131,
132,
133,
134,
135,
136,
137,
138,
139,
140,
141,
142,
143,
144,
145,
146,
147,
148,
149,
150,
151,
152,
153,
154,
155,
156,
157,
158,
159,
160,
161,
162,
163,
164,
165,
166,
167,
168,
169,
170,
171,
172,
173,
174,
175,
176,
177,
178,
179,
180,
181,
182,
183,
184,
185,
186,
187,
188,
189,
190,
191,
192,
193,
194,
195,
196,
197,
198,
199,
200,
201,
202,
203,
204,
205,
206,
207,
208,
209,
210,
211,
212,
213,
214,
215,
216,
217,
218,
219,
220,
221,
222,
223,
224,
225,
226,
227,
228,
229,
230,
231,
232,
233,
234,
235,
236,
237,
238,
239,
240,
241,
242,
243,
244,
245,
246,
247,
248,
249,
250,
251,
252,
253,
254,
255,
256,
257,
258,
259,
260,
261,
262,
263,
264,
265,
266,
267,
268,
269,
270,
271,
272,
273,
274,
275,
276,
277,
278,
279,
280,
281,
282,
283,
284,
285,
286,
287,
288,
289,
290,
291,
292,
293,
294,
295,
296,
297,
298,
299,
300,
301,
302,
303,
304,
305,
306,
307,
308,
309,
310,
311,
312,
313,
314,
315,
316,
317,
318,
319,
320,
321,
322,
323,
324,
325,
326,
327,
328,
329,
330,
331,
332,
333,
334,
335,
336,
337,
338,
339,
340,
341,
342,
343,
344,
345,
346,
347,
348,
349,
350,
351,
352,
353,
354,
355,
356,
357,
358,
359,
360,
361,
362,
363,
364,
365,
366,
367,
368,
369,
370,
371,
372,
373,
374,
375,
376,
377,
378,
379,
380,
381,
382,
383,
384,
385,
386,
387,
388,
389,
390,
391,
392,
393,
394,
395,
396,
397,
398,
399,
400,
401,
402,
403,
404,
405,
406,
407,
408,
409,
410,
411,
412,
413,
414,
415,
416,
417,
418,
419,
420,
421,
422,
423,
424,
425,
426,
427,
428,
429,
430,
431,
432,
433,
434,
435,
436,
437,
438,
439,
440,
441,
442,
443,
444,
445,
446,
447,
448,
449,
450,
451,
452,
453,
454,
455,
456,
457,
458,
459,
460,
461,
462,
463,
464,
465,
466,
467,
468,
469,
470,
471,
472,
473,
474,
475,
476,
477,
478,
479,
480,
481,
482,
483,
484,
485,
486,
487,
488,
489,
490,
491,
492,
493,
494,
495,
496,
497,
498,
499,
500,


Train errors: 
0.37991,
0.346825,
0.332921,
0.323578,
0.316874,
0.311718,
0.308637,
0.306927,
0.305335,
0.303529,
0.302101,
0.300589,
0.299024,
0.298398,
0.297986,
0.296658,
0.293662,
0.292103,
0.291453,
0.290925,
0.290063,
0.288752,
0.286936,
0.284416,
0.281872,
0.278814,
0.275227,
0.271942,
0.269203,
0.266675,
0.263707,
0.260104,
0.25622,
0.251801,
0.246816,
0.242297,
0.237371,
0.232164,
0.226569,
0.221889,
0.217596,
0.213576,
0.210125,
0.20708,
0.203961,
0.200333,
0.196409,
0.192182,
0.189012,
0.18701,
0.185241,
0.183812,
0.182509,
0.181446,
0.180483,
0.179734,
0.179397,
0.17865,
0.178817,
0.177682,
0.17826,
0.177157,
0.177921,
0.17691,
0.177086,
0.177169,
0.177175,
0.176527,
0.17695,
0.176609,
0.17737,
0.176617,
0.177516,
0.176956,
0.177488,
0.177178,
0.177357,
0.177413,
0.177636,
0.177832,
0.177953,
0.178183,
0.178413,
0.178743,
0.179053,
0.179388,
0.179721,
0.180066,
0.18041,
0.180739,
0.18104,
0.181327,
0.181626,
0.181918,
0.182173,
0.182369,
0.182523,
0.182684,
0.182851,
0.18303,
0.183209,
0.183352,
0.183393,
0.183297,
0.183216,
0.183271,
0.183313,
0.183331,
0.183293,
0.183183,
0.183058,
0.182838,
0.182691,
0.182441,
0.18215,
0.181677,
0.181226,
0.18076,
0.317588,
0.315247,
0.313964,
0.312517,
0.310579,
0.308017,
0.305625,
0.303152,
0.301104,
0.298271,
0.292875,
0.287392,
0.282516,
0.278327,
0.275752,
0.273983,
0.27248,
0.271065,
0.269662,
0.268272,
0.26695,
0.265887,
0.265105,
0.264458,
0.263906,
0.263416,
0.263012,
0.26275,
0.262613,
0.262588,
0.262694,
0.262908,
0.263158,
0.263375,
0.263567,
0.263894,
0.264358,
0.264981,
0.265684,
0.266264,
0.266475,
0.266001,
0.264711,
0.262787,
0.261231,
0.260128,
0.258802,
0.256809,
0.255985,
0.255026,
0.254414,
0.253596,
0.252556,
0.253712,
0.251342,
0.254073,
0.251315,
0.253274,
0.250274,
0.253029,
0.249633,
0.251205,
0.249293,
0.248999,
0.247794,
0.246735,
0.245057,
0.244455,
0.24179,
0.242392,
0.240325,
0.240121,
0.234854,
0.231322,
0.227935,
0.226299,
0.222292,
0.219128,
0.216079,
0.214644,
0.212687,
0.213534,
0.209884,
0.213721,
0.208391,
0.210628,
0.206397,
0.208949,
0.203923,
0.205735,
0.201723,
0.204339,
0.200246,
0.201868,
0.199178,
0.200434,
0.19792,
0.199713,
0.196621,
0.199319,
0.194688,
0.19932,
0.193405,
0.200201,
0.194506,
0.201556,
0.194864,
0.204953,
0.199545,
0.210728,
0.193114,
0.205448,
0.194551,
0.212236,
0.19314,
0.1976,
0.192059,
0.196002,
0.192709,
0.193556,
0.192392,
0.193365,
0.192748,
0.193744,
0.193623,
0.195202,
0.194942,
0.196315,
0.196385,
0.198126,
0.197945,
0.199997,
0.199944,
0.204233,
0.201977,
0.207456,
0.205084,
0.213981,
0.205551,
0.219908,
0.206716,
0.222506,
0.206789,
0.211731,
0.205073,
0.215292,
0.206182,
0.211599,
0.207027,
0.214412,
0.205802,
0.206403,
0.20294,
0.199583,
0.195456,
0.194981,
0.192827,
0.194413,
0.192836,
0.194423,
0.194911,
0.193407,
0.194712,
0.193719,
0.19395,
0.192771,
0.193404,
0.328352,
0.31329,
0.303173,
0.296806,
0.292464,
0.288707,
0.286366,
0.284944,
0.283833,
0.282633,
0.281355,
0.280365,
0.279797,
0.27957,
0.279604,
0.279869,
0.280363,
0.281005,
0.281731,
0.282679,
0.283987,
0.285582,
0.287292,
0.288925,
0.290399,
0.291876,
0.293568,
0.295095,
0.296016,
0.295463,
0.293054,
0.289899,
0.286398,
0.282608,
0.27906,
0.275374,
0.270837,
0.266988,
0.264502,
0.262476,
0.261026,
0.259991,
0.25918,
0.258415,
0.25755,
0.256368,
0.254647,
0.252342,
0.248967,
0.244849,
0.240988,
0.238874,
0.237552,
0.236108,
0.234885,
0.233909,
0.232895,
0.231941,
0.231019,
0.230112,
0.229161,
0.228066,
0.226815,
0.225649,
0.224706,
0.223822,
0.222777,
0.221783,
0.221112,
0.220511,
0.219796,
0.218871,
0.21773,
0.216531,
0.215349,
0.214124,
0.212785,
0.211279,
0.209738,
0.208264,
0.206777,
0.205117,
0.203162,
0.201142,
0.199417,
0.198009,
0.196834,
0.195792,
0.194731,
0.193626,
0.192767,
0.192065,
0.191373,
0.190541,
0.189454,
0.188187,
0.186789,
0.185179,
0.183401,
0.181938,
0.180566,
0.179257,
0.177928,
0.176837,
0.176251,
0.175027,
0.175176,
0.17339,
0.174453,
0.172697,
0.174231,
0.173647,
0.174527,
0.173694,
0.172848,
0.174061,
0.173143,
0.172266,
0.172791,
0.171749,
0.173503,
0.170775,
0.17292,
0.170721,
0.172644,
0.170776,
0.171415,
0.170713,
0.170703,
0.170498,
0.17021,
0.170226,
0.169903,
0.169838,
0.169469,
0.169285,
0.168846,
0.168643,
0.168163,
0.16797,
0.167696,
0.167621,
0.167384,
0.166995,
0.16647,
0.165681,
0.165766,
0.16403,
0.164739,
0.162983,
0.163655,
0.165094,
0.164757,
0.165133,
0.162798,
0.166855,
0.163426,
0.165407,
0.162174,
0.165029,
0.161884,
0.164436,
0.16173,
0.164061,
0.161391,
0.163893,
0.161254,
0.164028,
0.160995,
0.163978,
0.160583,
0.164956,
0.160495,
0.164365,
0.159882,
0.165149,
0.159711,
0.162728,
0.15882,
0.161392,
0.157552,
0.160053,
0.157109,
0.158413,
0.156336,
0.158232,
0.156423,
0.156857,
0.155678,
0.15698,
0.15589,
0.155858,
0.155158,
0.155841,
0.155256,
0.154866,
0.154574,
0.154716,
0.154511,
0.154015,
0.153931,
0.153847,
0.153774,
0.153375,
0.153263,
0.153293,
0.15297,
0.153025,
0.152371,
0.153288,
0.151959,
0.154011,
0.151549,
0.156006,
0.152946,


Test errors: 
0.394728,
0.352501,
0.334393,
0.322819,
0.313396,
0.306366,
0.302059,
0.299809,
0.298283,
0.297045,
0.295949,
0.295703,
0.296606,
0.297192,
0.296626,
0.294662,
0.291602,
0.28915,
0.288993,
0.288062,
0.285676,
0.282474,
0.278871,
0.27496,
0.270292,
0.26603,
0.261906,
0.258984,
0.257252,
0.255937,
0.254249,
0.251605,
0.248999,
0.246852,
0.24332,
0.23947,
0.235608,
0.229882,
0.223365,
0.218217,
0.215064,
0.212033,
0.208861,
0.205579,
0.202153,
0.198364,
0.194596,
0.192621,
0.191565,
0.190381,
0.189574,
0.188961,
0.18826,
0.187799,
0.187562,
0.187159,
0.186655,
0.186317,
0.18604,
0.185105,
0.184529,
0.184564,
0.184891,
0.184466,
0.184727,
0.185646,
0.186063,
0.185596,
0.186155,
0.187397,
0.188392,
0.188233,
0.188931,
0.189708,
0.190794,
0.191122,
0.191444,
0.191936,
0.192607,
0.193063,
0.193284,
0.193611,
0.194198,
0.194829,
0.19525,
0.19565,
0.196241,
0.196911,
0.197507,
0.198091,
0.198774,
0.199518,
0.20021,
0.200815,
0.201357,
0.20179,
0.202113,
0.202502,
0.203068,
0.203708,
0.204275,
0.204825,
0.205404,
0.205842,
0.206073,
0.206334,
0.206695,
0.206966,
0.207154,
0.207418,
0.2076,
0.207589,
0.207565,
0.207603,
0.207672,
0.207717,
0.207834,
0.192187,
0.31544,
0.313381,
0.3119,
0.309661,
0.306862,
0.304871,
0.3036,
0.301605,
0.298424,
0.294326,
0.289854,
0.285944,
0.281962,
0.277231,
0.273637,
0.271372,
0.269353,
0.268063,
0.267485,
0.267082,
0.266414,
0.265435,
0.264289,
0.263106,
0.261935,
0.260889,
0.260008,
0.259284,
0.258787,
0.258539,
0.258415,
0.258246,
0.257959,
0.257558,
0.257116,
0.25694,
0.257239,
0.257903,
0.258732,
0.259673,
0.2608,
0.261632,
0.260915,
0.259507,
0.257678,
0.256798,
0.256585,
0.257255,
0.258547,
0.257767,
0.257801,
0.262128,
0.263365,
0.259904,
0.261379,
0.263843,
0.262068,
0.259468,
0.263124,
0.267418,
0.26346,
0.260561,
0.263307,
0.265254,
0.266884,
0.265965,
0.262635,
0.26266,
0.26333,
0.264185,
0.261383,
0.263146,
0.257177,
0.253616,
0.253271,
0.254112,
0.245667,
0.240606,
0.239953,
0.242513,
0.23238,
0.231882,
0.233896,
0.244513,
0.229501,
0.226407,
0.23418,
0.241735,
0.225204,
0.222222,
0.226266,
0.237198,
0.227065,
0.223668,
0.22731,
0.237986,
0.232395,
0.226806,
0.22916,
0.241277,
0.233269,
0.228016,
0.234606,
0.246818,
0.232118,
0.229021,
0.243894,
0.252884,
0.233193,
0.243397,
0.245142,
0.258599,
0.237743,
0.252314,
0.242253,
0.260285,
0.248813,
0.241591,
0.245425,
0.257027,
0.25514,
0.249756,
0.253232,
0.261224,
0.258895,
0.254078,
0.25821,
0.266125,
0.261441,
0.256785,
0.263969,
0.27217,
0.26226,
0.259141,
0.270193,
0.281162,
0.262248,
0.2618,
0.277303,
0.291438,
0.264613,
0.262106,
0.27275,
0.297334,
0.268531,
0.260156,
0.273486,
0.300085,
0.272602,
0.25734,
0.261807,
0.283594,
0.273651,
0.255133,
0.247604,
0.252588,
0.256006,
0.255728,
0.256232,
0.261554,
0.263201,
0.261172,
0.259477,
0.262074,
0.255937,
0.246838,
0.248553,
0.327757,
0.313922,
0.304968,
0.298028,
0.292402,
0.288392,
0.285533,
0.283094,
0.28087,
0.278762,
0.276754,
0.275023,
0.2739,
0.273315,
0.273054,
0.273183,
0.273731,
0.274592,
0.27575,
0.277193,
0.278837,
0.280604,
0.28231,
0.283785,
0.284834,
0.285487,
0.286486,
0.287808,
0.288556,
0.287333,
0.284796,
0.281586,
0.277069,
0.272463,
0.267785,
0.262985,
0.259179,
0.254353,
0.250875,
0.248648,
0.247356,
0.246665,
0.246182,
0.245695,
0.24524,
0.244807,
0.244099,
0.243255,
0.241798,
0.239733,
0.236443,
0.234239,
0.232423,
0.230711,
0.229108,
0.227681,
0.226352,
0.225241,
0.224331,
0.223602,
0.222884,
0.222093,
0.221261,
0.220434,
0.219686,
0.219023,
0.218149,
0.217294,
0.216868,
0.216399,
0.215887,
0.215293,
0.214536,
0.213551,
0.212441,
0.211505,
0.21092,
0.210447,
0.209817,
0.209226,
0.208821,
0.208367,
0.207702,
0.20682,
0.205952,
0.205281,
0.204861,
0.204636,
0.20445,
0.204131,
0.203812,
0.203815,
0.203888,
0.20373,
0.203227,
0.202476,
0.201889,
0.2016,
0.201145,
0.200523,
0.200487,
0.200176,
0.198724,
0.198867,
0.200704,
0.200353,
0.198158,
0.200843,
0.201602,
0.19983,
0.198909,
0.202137,
0.202139,
0.199424,
0.199949,
0.202357,
0.20239,
0.201338,
0.201464,
0.203213,
0.203517,
0.203793,
0.203205,
0.204972,
0.20503,
0.205459,
0.205614,
0.206673,
0.207338,
0.207871,
0.208497,
0.208809,
0.2089,
0.209059,
0.209493,
0.20958,
0.209412,
0.209291,
0.209171,
0.20885,
0.208836,
0.209082,
0.20919,
0.209027,
0.208582,
0.207829,
0.207247,
0.207525,
0.208541,
0.206295,
0.206353,
0.209504,
0.209442,
0.205981,
0.207476,
0.209342,
0.209729,
0.207023,
0.208738,
0.210149,
0.210133,
0.207679,
0.209798,
0.210755,
0.210479,
0.208054,
0.210599,
0.211163,
0.210662,
0.20843,
0.21115,
0.212008,
0.210687,
0.209119,
0.21119,
0.21324,
0.210876,
0.210162,
0.210792,
0.212738,
0.210819,
0.210983,
0.21066,
0.21228,
0.211217,
0.212231,
0.211536,
0.21194,
0.211926,
0.212964,
0.212665,
0.212442,
0.212648,
0.21351,
0.213567,
0.213354,
0.213499,
0.213874,
0.21411,
0.214217,
0.214339,
0.214309,
0.214576,
0.214892,
0.214962,
0.214521,
0.215077,
0.215546,
0.215389,
0.214256,
0.215785,
0.216035,
0.215351,
0.213925,
0.216248,
