FINAL REPORT
************
Train error (Mean +- SD): 0.106656 +- 0.000709913
Test error (Mean +- SD): 0.113348 +- 0.000378109
Train CCR (Mean +- SD): 0.938889 +- 0.000977623
Test CCR (Mean +- SD): 0.930667 +- 0.000881778
CONVERGENCE DATA
****************


Iterations: 
1,
2,
3,
4,
5,
6,
7,
8,
9,
10,
11,
12,
13,
14,
15,
16,
17,
18,
19,
20,
21,
22,
23,
24,
25,
26,
27,
28,
29,
30,
31,
32,
33,
34,
35,
36,
37,
38,
39,
40,
41,
42,
43,
44,
45,
46,
47,
48,
49,
50,
51,
52,
53,
54,
55,
56,
57,
58,
59,
60,
61,
62,
63,
64,
65,
66,
67,
68,
69,
70,
71,
72,
73,
74,
75,
76,
77,
78,
79,
80,
81,
82,
83,
84,
85,
86,
87,
88,
89,
90,
91,
92,
93,
94,
95,
96,
97,
98,
99,
100,
101,
102,
103,
104,
105,
106,
107,
108,
109,
110,
111,
112,
113,
114,
115,
116,
117,
118,
119,
120,
121,
122,
123,
124,
125,
126,
127,
128,
129,
130,
131,
132,
133,
134,
135,
136,
137,
138,
139,
140,
141,
142,
143,
144,
145,
146,
147,
148,
149,
150,
151,
152,
153,
154,
155,
156,
157,
158,
159,
160,
161,
162,
163,
164,
165,
166,
167,
168,
169,
170,
171,
172,
173,
174,
175,
176,
177,
178,
179,
180,
181,
182,
183,
184,
185,
186,
187,
188,
189,
190,
191,
192,
193,
194,
195,
196,
197,
198,
199,
200,
201,
202,
203,
204,
205,
206,
207,
208,
209,
210,
211,
212,
213,
214,
215,
216,
217,
218,
219,
220,
221,
222,
223,
224,
225,
226,
227,
228,
229,
230,
231,
232,
233,
234,
235,
236,
237,
238,
239,
240,
241,
242,
243,
244,
245,
246,
247,
248,
249,
250,
251,
252,
253,
254,
255,
256,
257,
258,
259,
260,
261,
262,
263,
264,
265,
266,
267,
268,
269,
270,
271,
272,
273,
274,
275,
276,
277,
278,
279,
280,
281,
282,
283,
284,
285,
286,
287,
288,
289,
290,
291,
292,
293,
294,
295,
296,
297,
298,
299,
300,
301,
302,
303,
304,
305,
306,
307,
308,
309,
310,
311,
312,
313,
314,
315,
316,
317,
318,
319,
320,
321,
322,
323,
324,
325,
326,
327,
328,
329,
330,
331,
332,
333,
334,
335,
336,
337,
338,
339,
340,
341,
342,
343,
344,
345,
346,
347,
348,
349,
350,
351,
352,
353,
354,
355,
356,
357,
358,
359,
360,
361,
362,
363,
364,
365,
366,
367,
368,
369,
370,
371,
372,
373,
374,
375,
376,
377,
378,
379,
380,
381,
382,
383,
384,
385,
386,
387,
388,
389,
390,
391,
392,
393,
394,
395,
396,
397,
398,
399,
400,
401,
402,
403,
404,
405,
406,
407,
408,
409,
410,
411,
412,
413,
414,
415,
416,
417,
418,
419,
420,
421,
422,
423,
424,
425,
426,
427,
428,
429,
430,
431,
432,
433,
434,
435,
436,
437,
438,
439,
440,
441,
442,
443,
444,
445,
446,
447,
448,
449,
450,
451,
452,
453,
454,
455,
456,
457,
458,
459,
460,
461,
462,
463,
464,
465,
466,
467,
468,
469,
470,
471,
472,
473,
474,
475,
476,
477,
478,
479,
480,
481,
482,
483,
484,
485,
486,
487,
488,
489,
490,
491,
492,
493,
494,
495,
496,
497,
498,
499,
500,


Train errors: 
0.279393,
0.271466,
0.258428,
0.251806,
0.251577,
0.250977,
0.243048,
0.238355,
0.23352,
0.232409,
0.238356,
0.209688,
0.210565,
0.224457,
0.21865,
0.22492,
0.207696,
0.206248,
0.197787,
0.204175,
0.208078,
0.183751,
0.200802,
0.190433,
0.187042,
0.207497,
0.203494,
0.203021,
0.194482,
0.219757,
0.240235,
0.219875,
0.210568,
0.205787,
0.20313,
0.183325,
0.181494,
0.191344,
0.200281,
0.182026,
0.192707,
0.17527,
0.183302,
0.181567,
0.182833,
0.191865,
0.201281,
0.176699,
0.237263,
0.18936,
0.185167,
0.172068,
0.174182,
0.17077,
0.158994,
0.166156,
0.183209,
0.160199,
0.182468,
0.183998,
0.181468,
0.158757,
0.155931,
0.145356,
0.175592,
0.17003,
0.187217,
0.148148,
0.170173,
0.157754,
0.136569,
0.171727,
0.171117,
0.189857,
0.194722,
0.189318,
0.195623,
0.194372,
0.178606,
0.166482,
0.12842,
0.153943,
0.155351,
0.173238,
0.174439,
0.167789,
0.159082,
0.15523,
0.160398,
0.149359,
0.146861,
0.147378,
0.144284,
0.14401,
0.146118,
0.144333,
0.1459,
0.150251,
0.154413,
0.152595,
0.156887,
0.15587,
0.147924,
0.151699,
0.14917,
0.154751,
0.15424,
0.175171,
0.163345,
0.152662,
0.147739,
0.146346,
0.147414,
0.142465,
0.136911,
0.13489,
0.146981,
0.140645,
0.135794,
0.137302,
0.135331,
0.135214,
0.134681,
0.125691,
0.134303,
0.139606,
0.137595,
0.137767,
0.143621,
0.136797,
0.139034,
0.146266,
0.136614,
0.142414,
0.137681,
0.138758,
0.136934,
0.139666,
0.156112,
0.135946,
0.133538,
0.138669,
0.130213,
0.128078,
0.13054,
0.125005,
0.125322,
0.132967,
0.135922,
0.136694,
0.140495,
0.135299,
0.135982,
0.131395,
0.133152,
0.135659,
0.115237,
0.150384,
0.154407,
0.148978,
0.148698,
0.14351,
0.137241,
0.137775,
0.152939,
0.132203,
0.135552,
0.170374,
0.152995,
0.147415,
0.156339,
0.146483,
0.156904,
0.146987,
0.144916,
0.145448,
0.153855,
0.147195,
0.142962,
0.145634,
0.141936,
0.136735,
0.139396,
0.146558,
0.145583,
0.151483,
0.279628,
0.158967,
0.157277,
0.159291,
0.15569,
0.152579,
0.15895,
0.157146,
0.153581,
0.148278,
0.145948,
0.142942,
0.143837,
0.154832,
0.142798,
0.143196,
0.142418,
0.148196,
0.142489,
0.143813,
0.140087,
0.279594,
0.26952,
0.262343,
0.258156,
0.252272,
0.219889,
0.21936,
0.218932,
0.223029,
0.216848,
0.213673,
0.197511,
0.210241,
0.210757,
0.230004,
0.228973,
0.196842,
0.194412,
0.179542,
0.170044,
0.177852,
0.202543,
0.165737,
0.185972,
0.236412,
0.20132,
0.19762,
0.17318,
0.201695,
0.161077,
0.18943,
0.280443,
0.280286,
0.260222,
0.235252,
0.202089,
0.204348,
0.197764,
0.213408,
0.196622,
0.192551,
0.187693,
0.185763,
0.190255,
0.184693,
0.176799,
0.197297,
0.208004,
0.184301,
0.185839,
0.181921,
0.172933,
0.18179,
0.170877,
0.172926,
0.175055,
0.171147,
0.178516,
0.184258,
0.185307,
0.17219,
0.155403,
0.168401,
0.168578,
0.158939,
0.153026,
0.144474,
0.143883,
0.138531,
0.136812,
0.139521,
0.135009,
0.12869,
0.13416,
0.133777,
0.133179,
0.126006,
0.13129,
0.131484,
0.13975,
0.137935,
0.154652,
0.137355,
0.129602,
0.132502,
0.133069,
0.131878,
0.129033,
0.148836,
0.15721,
0.134842,
0.132852,
0.136425,
0.136441,
0.134828,
0.131607,
0.136814,
0.132426,
0.129984,
0.127929,
0.12528,
0.125428,
0.124546,
0.123812,
0.121375,
0.121545,
0.125475,
0.134312,
0.135482,
0.135707,
0.124446,
0.132999,
0.131426,
0.136091,
0.121934,
0.117899,
0.117165,
0.116541,
0.119434,
0.115763,
0.123581,
0.116991,
0.120208,
0.118833,
0.117674,
0.117526,
0.118172,
0.116626,
0.114031,
0.116984,
0.111734,
0.112671,
0.114271,
0.12433,
0.124571,
0.120782,
0.11776,
0.114345,
0.121244,
0.120795,
0.115486,
0.109145,
0.112532,
0.113749,
0.111142,
0.109898,
0.108945,
0.10622,
0.105898,
0.110829,
0.121088,
0.113587,
0.114886,
0.107185,
0.111415,
0.105233,
0.106618,
0.1034,
0.126692,
0.119002,
0.113223,
0.119027,
0.115625,
0.123431,
0.120229,
0.12683,
0.117353,
0.120414,
0.108367,
0.113189,
0.116776,
0.116467,
0.114562,
0.108716,
0.110598,
0.106327,
0.141984,
0.104719,
0.104527,
0.119818,
0.109927,
0.112085,
0.129078,
0.143011,
0.127694,
0.129644,
0.145507,
0.135845,
0.139464,
0.141331,
0.138513,
0.138522,
0.117108,
0.110444,
0.120636,
0.134458,
0.116552,
0.124139,
0.119789,
0.113795,
0.135133,
0.129738,
0.140022,
0.138356,
0.130525,
0.122489,
0.123405,
0.125844,
0.262965,
0.254408,
0.250324,
0.236168,
0.236507,
0.21917,
0.21996,
0.209302,
0.214681,
0.187741,
0.205865,
0.216742,
0.212327,
0.207436,
0.199124,
0.189188,
0.180488,
0.224356,
0.213869,
0.184111,
0.205074,
0.194635,
0.192125,
0.186591,
0.206171,
0.19802,
0.191139,
0.202029,
0.21274,
0.202856,
0.20819,
0.185255,
0.196475,
0.192548,
0.18533,
0.231082,
0.213538,
0.203642,
0.206017,
0.199261,
0.220185,
0.224163,
0.213175,
0.205766,
0.196388,
0.201153,
0.180985,
0.20049,
0.197086,
0.168856,
0.20013,
0.21957,
0.214449,
0.198874,
0.202367,
0.193573,
0.185655,
0.201041,
0.223605,
0.223009,
0.202833,
0.204802,
0.182643,
0.215371,
0.20281,
0.201693,
0.231177,
0.210421,
0.201494,
0.209213,
0.207658,
0.208103,
0.201945,
0.20427,
0.199899,
0.19652,
0.195212,
0.179484,
0.221167,
0.195944,
0.189612,
0.187519,
0.173263,
0.172596,
0.170887,


Test errors: 
0.270175,
0.276011,
0.262023,
0.254807,
0.255341,
0.253364,
0.24566,
0.24259,
0.237115,
0.234548,
0.244763,
0.213612,
0.215723,
0.223136,
0.214666,
0.221195,
0.203127,
0.199852,
0.188412,
0.197325,
0.205969,
0.175227,
0.191835,
0.184668,
0.182388,
0.211048,
0.203905,
0.199237,
0.191222,
0.225249,
0.246943,
0.22325,
0.213733,
0.208629,
0.204672,
0.181128,
0.18273,
0.194763,
0.193351,
0.17359,
0.191661,
0.171627,
0.176192,
0.172464,
0.178494,
0.186698,
0.202267,
0.179256,
0.235247,
0.193918,
0.191639,
0.175526,
0.172041,
0.171657,
0.156185,
0.168547,
0.182994,
0.153361,
0.17689,
0.179067,
0.17696,
0.158301,
0.154636,
0.149226,
0.176258,
0.16703,
0.184279,
0.148247,
0.163727,
0.160428,
0.139146,
0.174407,
0.169301,
0.186597,
0.199108,
0.191154,
0.199195,
0.196262,
0.179304,
0.167806,
0.126766,
0.160908,
0.16381,
0.175699,
0.178184,
0.171355,
0.165178,
0.156331,
0.155431,
0.153531,
0.151088,
0.151102,
0.147358,
0.146072,
0.148295,
0.145564,
0.150548,
0.155018,
0.157669,
0.157533,
0.168884,
0.165782,
0.152883,
0.160782,
0.158802,
0.16529,
0.167355,
0.18287,
0.17398,
0.157745,
0.149655,
0.14956,
0.152235,
0.149596,
0.144083,
0.141701,
0.152783,
0.146456,
0.141104,
0.143416,
0.143662,
0.143565,
0.141399,
0.133002,
0.140285,
0.144216,
0.141587,
0.140114,
0.148065,
0.138773,
0.142397,
0.149525,
0.139887,
0.147812,
0.13479,
0.145147,
0.13981,
0.14164,
0.158206,
0.137047,
0.131769,
0.140908,
0.133746,
0.131384,
0.136543,
0.133068,
0.133158,
0.138792,
0.142178,
0.144217,
0.148722,
0.139694,
0.136214,
0.140344,
0.139909,
0.141219,
0.129581,
0.152023,
0.1608,
0.156625,
0.153395,
0.148798,
0.141628,
0.143059,
0.151858,
0.1288,
0.138031,
0.168768,
0.155448,
0.152381,
0.156243,
0.147803,
0.154853,
0.149483,
0.146789,
0.145434,
0.155263,
0.149828,
0.14359,
0.140734,
0.143623,
0.136852,
0.14186,
0.152224,
0.156217,
0.155972,
0.270367,
0.163065,
0.166287,
0.174568,
0.164234,
0.159917,
0.165821,
0.163705,
0.160206,
0.155852,
0.157046,
0.153149,
0.154532,
0.176842,
0.150967,
0.152324,
0.153743,
0.16113,
0.1534,
0.155443,
0.134709,
0.270338,
0.273001,
0.265544,
0.262449,
0.256099,
0.216162,
0.21656,
0.213219,
0.221877,
0.214129,
0.214048,
0.19605,
0.210615,
0.213779,
0.231764,
0.236806,
0.201192,
0.198632,
0.185135,
0.175327,
0.176409,
0.205426,
0.168196,
0.190151,
0.233693,
0.202155,
0.197457,
0.178887,
0.210203,
0.163552,
0.191239,
0.266654,
0.266573,
0.265978,
0.237003,
0.214626,
0.210583,
0.208194,
0.224056,
0.214048,
0.207936,
0.205061,
0.200851,
0.200248,
0.19984,
0.193106,
0.198272,
0.205703,
0.186703,
0.192685,
0.189672,
0.183128,
0.19203,
0.184092,
0.18638,
0.189894,
0.178633,
0.18616,
0.189005,
0.184077,
0.180259,
0.167875,
0.182203,
0.175043,
0.17164,
0.16774,
0.162692,
0.160582,
0.15637,
0.152939,
0.157274,
0.152037,
0.144259,
0.156011,
0.1513,
0.151635,
0.145395,
0.149987,
0.144402,
0.151149,
0.145153,
0.167809,
0.145319,
0.140566,
0.14524,
0.145214,
0.145506,
0.140609,
0.154336,
0.162053,
0.141349,
0.146119,
0.151085,
0.150236,
0.146939,
0.146662,
0.152762,
0.148455,
0.147565,
0.147299,
0.143287,
0.14427,
0.143175,
0.142571,
0.136445,
0.140205,
0.141805,
0.152006,
0.159282,
0.156504,
0.142146,
0.151731,
0.149776,
0.154192,
0.140708,
0.132881,
0.13107,
0.127959,
0.132546,
0.128922,
0.135853,
0.130822,
0.136496,
0.136607,
0.133841,
0.135908,
0.134938,
0.133481,
0.131599,
0.135617,
0.126351,
0.131501,
0.126032,
0.133482,
0.135971,
0.130473,
0.129814,
0.125127,
0.13605,
0.139819,
0.132435,
0.124323,
0.133135,
0.129542,
0.125598,
0.125664,
0.124137,
0.121071,
0.122478,
0.126852,
0.131071,
0.132833,
0.135509,
0.122466,
0.124612,
0.120129,
0.120524,
0.117447,
0.137643,
0.128034,
0.125707,
0.128568,
0.130089,
0.127497,
0.127663,
0.140147,
0.122199,
0.124198,
0.110428,
0.118987,
0.120015,
0.118455,
0.117412,
0.113948,
0.114277,
0.121112,
0.147596,
0.113835,
0.108773,
0.12108,
0.119708,
0.118059,
0.146913,
0.161068,
0.135811,
0.140586,
0.155528,
0.14829,
0.150595,
0.154591,
0.149652,
0.15486,
0.130162,
0.124353,
0.133953,
0.147407,
0.129307,
0.131837,
0.128763,
0.120973,
0.142255,
0.135512,
0.146913,
0.151323,
0.142905,
0.138766,
0.140758,
0.123366,
0.267681,
0.258713,
0.25402,
0.237063,
0.238714,
0.220961,
0.222168,
0.206255,
0.21996,
0.186222,
0.196363,
0.212849,
0.213548,
0.202506,
0.204939,
0.192886,
0.183765,
0.222478,
0.214307,
0.182781,
0.210755,
0.195631,
0.193199,
0.188777,
0.215387,
0.204585,
0.192363,
0.199761,
0.220562,
0.209603,
0.212515,
0.186061,
0.196749,
0.196661,
0.184933,
0.23319,
0.219106,
0.211728,
0.205278,
0.212459,
0.229554,
0.235086,
0.223562,
0.218751,
0.213917,
0.213631,
0.196916,
0.21912,
0.204644,
0.168424,
0.207566,
0.230296,
0.228905,
0.207796,
0.210166,
0.200761,
0.190131,
0.209486,
0.234428,
0.235077,
0.21005,
0.219184,
0.196136,
0.221441,
0.216508,
0.210913,
0.2417,
0.222128,
0.213179,
0.216349,
0.207704,
0.211072,
0.206657,
0.20565,
0.201663,
0.197787,
0.195835,
0.183978,
0.224112,
0.198853,
0.192834,
0.193226,
0.181366,
0.182106,
0.180755,
